0.9468, 1.0418, -0.0106, -0.0440
0.9518, 1.0417, -0.0111, -0.0435
0.9568, 1.0411, -0.0110, -0.0428
0.9618, 1.0407, -0.0110, -0.0423
0.9668, 1.0406, -0.0111, -0.0424
0.9718, 1.0411, -0.0115, -0.0427
0.9768, 1.0418, -0.0119, -0.0430
0.9818, 1.0424, -0.0120, -0.0432
0.9868, 1.0431, -0.0120, -0.0437
0.9919, 1.0436, -0.0118, -0.0439
0.9969, 1.0431, -0.0113, -0.0440
1.0019, 1.0422, -0.0108, -0.0443
1.0069, 1.0411, -0.0108, -0.0443
1.0119, 1.0397, -0.0105, -0.0447
1.0169, 1.0386, -0.0103, -0.0442
1.0220, 1.0381, -0.0106, -0.0443
1.0270, 1.0383, -0.0108, -0.0444
1.0320, 1.0393, -0.0108, -0.0442
1.0370, 1.0405, -0.0104, -0.0436
1.0420, 1.0414, -0.0097, -0.0428
1.0470, 1.0424, -0.0096, -0.0422
1.0521, 1.0430, -0.0098, -0.0417
1.0571, 1.0434, -0.0100, -0.0419
1.0621, 1.0437, -0.0103, -0.0423
1.0671, 1.0439, -0.0105, -0.0423
1.0722, 1.0437, -0.0106, -0.0419
1.0772, 1.0433, -0.0104, -0.0424
1.0822, 1.0426, -0.0105, -0.0428
1.0872, 1.0423, -0.0105, -0.0435
1.0922, 1.0419, -0.0108, -0.0430
1.0972, 1.0418, -0.0114, -0.0423
1.1023, 1.0423, -0.0114, -0.0419
1.1073, 1.0432, -0.0109, -0.0425
1.1123, 1.0446, -0.0107, -0.0437
1.1173, 1.0461, -0.0109, -0.0450
1.1223, 1.0471, -0.0110, -0.0460
1.1274, 1.0465, -0.0111, -0.0462
1.1324, 1.0459, -0.0111, -0.0462
1.1374, 1.0454, -0.0110, -0.0463
1.1424, 1.0443, -0.0105, -0.0461
1.1474, 1.0440, -0.0104, -0.0459
1.1524, 1.0433, -0.0106, -0.0459
1.1575, 1.0422, -0.0107, -0.0458
1.1625, 1.0421, -0.0110, -0.0457
1.1675, 1.0419, -0.0111, -0.0449
1.1725, 1.0418, -0.0110, -0.0437
1.1775, 1.0424, -0.0107, -0.0427
1.1825, 1.0441, -0.0105, -0.0418
1.1876, 1.0446, -0.0109, -0.0409
1.1926, 1.0423, -0.0109, -0.0399
1.1976, 1.0403, -0.0108, -0.0400
1.2026, 1.0383, -0.0107, -0.0401
1.2076, 1.0369, -0.0114, -0.0399
1.2127, 1.0353, -0.0121, -0.0395
1.2177, 1.0356, -0.0122, -0.0392
1.2227, 1.0377, -0.0121, -0.0397
1.2277, 1.0404, -0.0121, -0.0406
1.2327, 1.0428, -0.0120, -0.0413
1.2377, 1.0443, -0.0118, -0.0419
1.2428, 1.0455, -0.0113, -0.0428
1.2478, 1.0447, -0.0107, -0.0438
1.2528, 1.0424, -0.0103, -0.0443
1.2578, 1.0404, -0.0099, -0.0448
1.2628, 1.0389, -0.0094, -0.0449
1.2679, 1.0376, -0.0098, -0.0447
1.2729, 1.0364, -0.0104, -0.0440
1.2779, 1.0367, -0.0108, -0.0442
1.2829, 1.0385, -0.0110, -0.0438
1.2879, 1.0414, -0.0110, -0.0433
1.2930, 1.0444, -0.0112, -0.0433
1.2980, 1.0468, -0.0114, -0.0432
1.3030, 1.0488, -0.0120, -0.0436
1.3080, 1.0492, -0.0126, -0.0443
1.3130, 1.0481, -0.0127, -0.0443
1.3181, 1.0455, -0.0123, -0.0444
1.3231, 1.0430, -0.0118, -0.0451
1.3281, 1.0408, -0.0110, -0.0450
1.3331, 1.0392, -0.0103, -0.0440
1.3381, 1.0383, -0.0102, -0.0423
1.3431, 1.0378, -0.0098, -0.0403
1.3482, 1.0385, -0.0103, -0.0389
1.3532, 1.0399, -0.0106, -0.0389
1.3582, 1.0416, -0.0106, -0.0398
1.3632, 1.0429, -0.0106, -0.0416
1.3682, 1.0435, -0.0106, -0.0436
1.3733, 1.0436, -0.0107, -0.0450
1.3783, 1.0431, -0.0108, -0.0460
1.3833, 1.0421, -0.0106, -0.0464
1.3883, 1.0402, -0.0104, -0.0467
1.3933, 1.0383, -0.0103, -0.0467
1.3984, 1.0372, -0.0099, -0.0459
1.4034, 1.0375, -0.0096, -0.0448
1.4084, 1.0391, -0.0101, -0.0440
1.4134, 1.0415, -0.0107, -0.0432
1.4184, 1.0445, -0.0114, -0.0422
1.4234, 1.0470, -0.0121, -0.0417
1.4285, 1.0486, -0.0127, -0.0423
1.4335, 1.0494, -0.0132, -0.0432
1.4385, 1.0484, -0.0135, -0.0434
1.4435, 1.0462, -0.0134, -0.0441
1.4485, 1.0434, -0.0124, -0.0437
1.4536, 1.0408, -0.0113, -0.0434
1.4586, 1.0393, -0.0110, -0.0434
1.4636, 1.0390, -0.0108, -0.0439
1.4686, 1.0398, -0.0104, -0.0449
1.4736, 1.0412, -0.0104, -0.0456
1.4787, 1.0426, -0.0100, -0.0460
1.4837, 1.0438, -0.0101, -0.0462
1.4887, 1.0444, -0.0101, -0.0464
1.4937, 1.0442, -0.0101, -0.0463
1.4987, 1.0434, -0.0102, -0.0458
1.5038, 1.0423, -0.0105, -0.0456
1.5088, 1.0415, -0.0109, -0.0452
1.5138, 1.0410, -0.0112, -0.0449
1.5188, 1.0411, -0.0116, -0.0440
1.5238, 1.0417, -0.0120, -0.0431
1.5289, 1.0426, -0.0118, -0.0430
1.5339, 1.0442, -0.0113, -0.0439
1.5389, 1.0458, -0.0105, -0.0451
1.5439, 1.0472, -0.0101, -0.0466
1.5489, 1.0480, -0.0097, -0.0482
1.5539, 1.0479, -0.0098, -0.0491
1.5590, 1.0462, -0.0095, -0.0497
1.5640, 1.0440, -0.0095, -0.0500
1.5690, 1.0415, -0.0097, -0.0495
1.5740, 1.0393, -0.0097, -0.0487
1.5790, 1.0374, -0.0096, -0.0479
1.5840, 1.0367, -0.0099, -0.0466
1.5891, 1.0378, -0.0104, -0.0451
1.5941, 1.0394, -0.0106, -0.0434
1.5991, 1.0415, -0.0108, -0.0425
1.6041, 1.0434, -0.0114, -0.0416
1.6091, 1.0446, -0.0116, -0.0414
1.6142, 1.0450, -0.0117, -0.0414
1.6192, 1.0441, -0.0119, -0.0414
1.6242, 1.0425, -0.0119, -0.0415
1.6292, 1.0411, -0.0113, -0.0423
1.6342, 1.0403, -0.0107, -0.0434
1.6393, 1.0396, -0.0105, -0.0449
1.6443, 1.0395, -0.0106, -0.0471
1.6493, 1.0401, -0.0105, -0.0490
1.6543, 1.0409, -0.0103, -0.0503
1.6593, 1.0424, -0.0099, -0.0515
1.6644, 1.0435, -0.0100, -0.0523
1.6694, 1.0443, -0.0103, -0.0526
1.6744, 1.0448, -0.0101, -0.0524
1.6794, 1.0450, -0.0098, -0.0521
1.6844, 1.0446, -0.0095, -0.0516
1.6895, 1.0436, -0.0092, -0.0512
1.6945, 1.0426, -0.0091, -0.0508
1.6995, 1.0414, -0.0092, -0.0492
1.7045, 1.0404, -0.0097, -0.0468
1.7095, 1.0398, -0.0107, -0.0434
1.7146, 1.0398, -0.0115, -0.0407
1.7196, 1.0400, -0.0124, -0.0390
1.7246, 1.0405, -0.0127, -0.0373
1.7296, 1.0411, -0.0125, -0.0353
1.7346, 1.0422, -0.0120, -0.0343
1.7396, 1.0428, -0.0122, -0.0334
1.7447, 1.0435, -0.0128, -0.0332
1.7497, 1.0441, -0.0128, -0.0331
1.7547, 1.0443, -0.0126, -0.0348
1.7597, 1.0440, -0.0126, -0.0373
1.7647, 1.0435, -0.0122, -0.0402
1.7698, 1.0427, -0.0115, -0.0430
1.7748, 1.0418, -0.0108, -0.0445
1.7798, 1.0410, -0.0109, -0.0454
1.7848, 1.0404, -0.0111, -0.0464
1.7898, 1.0409, -0.0111, -0.0478
1.7948, 1.0421, -0.0112, -0.0489
1.7999, 1.0433, -0.0112, -0.0491
1.8049, 1.0438, -0.0109, -0.0477
1.8099, 1.0438, -0.0103, -0.0465
1.8149, 1.0432, -0.0098, -0.0455
1.8199, 1.0426, -0.0099, -0.0447
1.8249, 1.0429, -0.0103, -0.0438
1.8299, 1.0426, -0.0104, -0.0427
1.8350, 1.0428, -0.0109, -0.0423
1.8400, 1.0428, -0.0112, -0.0410
1.8450, 1.0431, -0.0113, -0.0394
1.8500, 1.0438, -0.0113, -0.0388
1.8550, 1.0440, -0.0111, -0.0382
1.8601, 1.0439, -0.0109, -0.0381
1.8651, 1.0431, -0.0105, -0.0389
1.8701, 1.0426, -0.0105, -0.0396
1.8751, 1.0426, -0.0110, -0.0408
1.8801, 1.0429, -0.0112, -0.0431
1.8852, 1.0435, -0.0111, -0.0451
1.8902, 1.0436, -0.0104, -0.0456
1.8952, 1.0436, -0.0097, -0.0449
1.9002, 1.0435, -0.0094, -0.0440
1.9052, 1.0432, -0.0096, -0.0434
1.9102, 1.0427, -0.0101, -0.0424
1.9152, 1.0421, -0.0106, -0.0415
1.9203, 1.0418, -0.0107, -0.0410
1.9253, 1.0416, -0.0111, -0.0416
1.9303, 1.0417, -0.0115, -0.0422
1.9353, 1.0414, -0.0116, -0.0424
1.9403, 1.0415, -0.0118, -0.0431
1.9454, 1.0416, -0.0114, -0.0436
1.9504, 1.0420, -0.0108, -0.0431
1.9554, 1.0424, -0.0108, -0.0434
1.9604, 1.0427, -0.0112, -0.0433
1.9654, 1.0429, -0.0115, -0.0430
1.9705, 1.0434, -0.0115, -0.0432
1.9755, 1.0437, -0.0114, -0.0437
1.9805, 1.0444, -0.0116, -0.0444
1.9855, 1.0450, -0.0116, -0.0443
1.9905, 1.0454, -0.0118, -0.0439
1.9956, 1.0455, -0.0119, -0.0436
2.0006, 1.0449, -0.0124, -0.0433
2.0056, 1.0427, -0.0132, -0.0421
2.0106, 1.0409, -0.0136, -0.0414
2.0156, 1.0400, -0.0129, -0.0410
2.0207, 1.0395, -0.0120, -0.0416
2.0257, 1.0387, -0.0114, -0.0425
2.0307, 1.0377, -0.0108, -0.0429
2.0357, 1.0374, -0.0103, -0.0429
2.0407, 1.0377, -0.0102, -0.0428
2.0457, 1.0388, -0.0100, -0.0431
2.0508, 1.0399, -0.0099, -0.0438
2.0558, 1.0413, -0.0102, -0.0444
2.0608, 1.0433, -0.0106, -0.0441
2.0658, 1.0450, -0.0108, -0.0429
2.0708, 1.0461, -0.0112, -0.0417
2.0758, 1.0466, -0.0115, -0.0407
2.0809, 1.0459, -0.0116, -0.0403
2.0859, 1.0442, -0.0120, -0.0399
2.0909, 1.0414, -0.0120, -0.0396
2.0959, 1.0388, -0.0118, -0.0392
2.1009, 1.0368, -0.0115, -0.0393
2.1059, 1.0357, -0.0106, -0.0401
2.1110, 1.0355, -0.0098, -0.0411
2.1160, 1.0366, -0.0092, -0.0420
2.1210, 1.0391, -0.0089, -0.0428
2.1260, 1.0420, -0.0092, -0.0434
2.1310, 1.0448, -0.0096, -0.0440
2.1360, 1.0471, -0.0100, -0.0453
2.1411, 1.0480, -0.0104, -0.0462
2.1461, 1.0475, -0.0107, -0.0459
2.1511, 1.0467, -0.0109, -0.0447
2.1561, 1.0453, -0.0109, -0.0437
2.1611, 1.0439, -0.0109, -0.0431
2.1661, 1.0422, -0.0108, -0.0427
2.1712, 1.0404, -0.0110, -0.0424
2.1762, 1.0389, -0.0109, -0.0417
2.1812, 1.0373, -0.0108, -0.0409
2.1862, 1.0371, -0.0111, -0.0411
2.1912, 1.0376, -0.0109, -0.0413
2.1962, 1.0390, -0.0112, -0.0422
2.2013, 1.0410, -0.0117, -0.0429
2.2063, 1.0428, -0.0118, -0.0439
2.2113, 1.0453, -0.0111, -0.0450
2.2163, 1.0473, -0.0103, -0.0457
2.2213, 1.0489, -0.0104, -0.0468
2.2263, 1.0505, -0.0107, -0.0484
2.2314, 1.0498, -0.0108, -0.0502
2.2364, 1.0464, -0.0108, -0.0507
2.2414, 1.0432, -0.0105, -0.0496
2.2464, 1.0409, -0.0102, -0.0486
2.2514, 1.0394, -0.0102, -0.0472
2.2564, 1.0390, -0.0102, -0.0461
2.2615, 1.0383, -0.0101, -0.0453
2.2665, 1.0378, -0.0105, -0.0444
2.2715, 1.0382, -0.0110, -0.0435
2.2765, 1.0395, -0.0116, -0.0431
2.2815, 1.0415, -0.0120, -0.0423
2.2865, 1.0440, -0.0122, -0.0417
2.2916, 1.0462, -0.0124, -0.0417
2.2966, 1.0478, -0.0122, -0.0420
2.3016, 1.0486, -0.0122, -0.0424
2.3066, 1.0476, -0.0122, -0.0422
2.3117, 1.0458, -0.0122, -0.0416
2.3167, 1.0435, -0.0122, -0.0411
2.3217, 1.0415, -0.0115, -0.0406
2.3267, 1.0408, -0.0113, -0.0400
2.3317, 1.0411, -0.0114, -0.0394
2.3367, 1.0421, -0.0109, -0.0400
2.3418, 1.0425, -0.0106, -0.0415
2.3468, 1.0429, -0.0103, -0.0430
2.3518, 1.0427, -0.0101, -0.0447
2.3568, 1.0422, -0.0101, -0.0457
2.3618, 1.0420, -0.0099, -0.0461
2.3669, 1.0424, -0.0101, -0.0462
2.3719, 1.0428, -0.0101, -0.0465
2.3769, 1.0430, -0.0101, -0.0465
2.3819, 1.0433, -0.0098, -0.0455
2.3869, 1.0430, -0.0096, -0.0445
2.3919, 1.0428, -0.0094, -0.0434
2.3970, 1.0422, -0.0095, -0.0428
2.4020, 1.0414, -0.0096, -0.0432
2.4070, 1.0417, -0.0099, -0.0439
2.4120, 1.0421, -0.0105, -0.0440
2.4170, 1.0422, -0.0112, -0.0440
2.4220, 1.0432, -0.0115, -0.0440
2.4271, 1.0445, -0.0118, -0.0438
2.4321, 1.0449, -0.0119, -0.0437
2.4371, 1.0439, -0.0119, -0.0439
2.4421, 1.0406, -0.0117, -0.0436
2.4471, 1.0372, -0.0117, -0.0426
2.4522, 1.0362, -0.0113, -0.0421
2.4572, 1.0373, -0.0106, -0.0422
2.4622, 1.0391, -0.0104, -0.0427
2.4672, 1.0418, -0.0104, -0.0435
2.4722, 1.0448, -0.0106, -0.0439
2.4772, 1.0463, -0.0110, -0.0437
2.4823, 1.0464, -0.0112, -0.0433
2.4873, 1.0451, -0.0109, -0.0434
2.4923, 1.0433, -0.0103, -0.0432
2.4973, 1.0415, -0.0104, -0.0427
2.5023, 1.0399, -0.0106, -0.0422
2.5073, 1.0389, -0.0108, -0.0414
2.5124, 1.0388, -0.0105, -0.0406
2.5174, 1.0395, -0.0102, -0.0403
2.5224, 1.0405, -0.0101, -0.0405
2.5274, 1.0414, -0.0101, -0.0414
2.5324, 1.0422, -0.0098, -0.0420
2.5374, 1.0424, -0.0097, -0.0428
2.5425, 1.0421, -0.0099, -0.0440
2.5475, 1.0414, -0.0100, -0.0448
2.5525, 1.0412, -0.0103, -0.0455
2.5575, 1.0412, -0.0102, -0.0461
2.5625, 1.0412, -0.0102, -0.0461
2.5675, 1.0408, -0.0103, -0.0454
2.5726, 1.0409, -0.0102, -0.0446
2.5776, 1.0410, -0.0100, -0.0439
2.5826, 1.0412, -0.0099, -0.0440
2.5876, 1.0419, -0.0104, -0.0447
2.5926, 1.0428, -0.0108, -0.0449
2.5976, 1.0440, -0.0108, -0.0461
2.6027, 1.0453, -0.0110, -0.0469
2.6077, 1.0454, -0.0111, -0.0467
2.6127, 1.0444, -0.0112, -0.0464
2.6177, 1.0432, -0.0111, -0.0460
2.6227, 1.0414, -0.0113, -0.0448
2.6278, 1.0403, -0.0111, -0.0432
2.6328, 1.0402, -0.0105, -0.0418
2.6378, 1.0409, -0.0102, -0.0415
2.6428, 1.0421, -0.0097, -0.0417
2.6478, 1.0430, -0.0096, -0.0422
2.6528, 1.0439, -0.0099, -0.0427
2.6579, 1.0442, -0.0104, -0.0433
2.6629, 1.0442, -0.0110, -0.0435
2.6679, 1.0439, -0.0113, -0.0434
2.6729, 1.0430, -0.0120, -0.0429
2.6779, 1.0421, -0.0120, -0.0427
2.6830, 1.0412, -0.0117, -0.0430
2.6880, 1.0403, -0.0116, -0.0436
2.6930, 1.0400, -0.0107, -0.0438
2.6980, 1.0400, -0.0100, -0.0436
2.7030, 1.0405, -0.0092, -0.0435
2.7081, 1.0413, -0.0092, -0.0434
2.7131, 1.0423, -0.0095, -0.0433
2.7181, 1.0438, -0.0096, -0.0432
2.7231, 1.0444, -0.0096, -0.0434
2.7281, 1.0446, -0.0096, -0.0443
2.7331, 1.0442, -0.0098, -0.0443
2.7382, 1.0430, -0.0105, -0.0442
2.7432, 1.0422, -0.0109, -0.0440
2.7482, 1.0418, -0.0108, -0.0434
2.7532, 1.0413, -0.0112, -0.0425
2.7582, 1.0405, -0.0110, -0.0417
2.7633, 1.0405, -0.0108, -0.0415
2.7683, 1.0413, -0.0109, -0.0422
2.7733, 1.0422, -0.0113, -0.0426
2.7783, 1.0432, -0.0116, -0.0435
2.7833, 1.0435, -0.0114, -0.0443
2.7883, 1.0435, -0.0111, -0.0447
2.7933, 1.0429, -0.0110, -0.0440
2.7984, 1.0422, -0.0108, -0.0430
2.8034, 1.0414, -0.0107, -0.0423
2.8084, 1.0409, -0.0104, -0.0421
2.8134, 1.0409, -0.0100, -0.0416
2.8184, 1.0411, -0.0097, -0.0414
2.8235, 1.0419, -0.0095, -0.0424
2.8285, 1.0425, -0.0093, -0.0438
2.8335, 1.0430, -0.0093, -0.0450
2.8385, 1.0432, -0.0096, -0.0461
2.8436, 1.0435, -0.0099, -0.0471
2.8486, 1.0431, -0.0106, -0.0475
2.8536, 1.0426, -0.0109, -0.0471
2.8586, 1.0422, -0.0114, -0.0466
2.8636, 1.0419, -0.0118, -0.0458
2.8687, 1.0419, -0.0121, -0.0447
2.8737, 1.0416, -0.0121, -0.0433
2.8787, 1.0413, -0.0116, -0.0429
2.8837, 1.0415, -0.0114, -0.0428
2.8887, 1.0419, -0.0115, -0.0429
2.8937, 1.0419, -0.0115, -0.0430
2.8987, 1.0419, -0.0117, -0.0430
2.9038, 1.0419, -0.0120, -0.0440
2.9088, 1.0420, -0.0117, -0.0448
2.9138, 1.0420, -0.0115, -0.0449
2.9188, 1.0418, -0.0112, -0.0445
2.9238, 1.0419, -0.0110, -0.0434
2.9289, 1.0419, -0.0108, -0.0423
2.9339, 1.0420, -0.0108, -0.0412
2.9389, 1.0420, -0.0107, -0.0410
2.9439, 1.0418, -0.0109, -0.0414
2.9489, 1.0418, -0.0109, -0.0419
2.9539, 1.0421, -0.0109, -0.0425
2.9589, 1.0429, -0.0108, -0.0428
2.9640, 1.0434, -0.0105, -0.0428
2.9690, 1.0435, -0.0106, -0.0435
2.9740, 1.0429, -0.0108, -0.0449
2.9790, 1.0425, -0.0111, -0.0452
2.9840, 1.0419, -0.0111, -0.0450
2.9890, 1.0411, -0.0108, -0.0441
2.9941, 1.0408, -0.0103, -0.0429
2.9991, 1.0406, -0.0103, -0.0420
3.0041, 1.0404, -0.0100, -0.0416
3.0091, 1.0408, -0.0099, -0.0420
3.0142, 1.0412, -0.0098, -0.0427
3.0192, 1.0413, -0.0103, -0.0429
3.0242, 1.0418, -0.0105, -0.0428
3.0292, 1.0422, -0.0103, -0.0434
3.0342, 1.0424, -0.0100, -0.0430
3.0392, 1.0425, -0.0103, -0.0424
3.0443, 1.0424, -0.0110, -0.0417
3.0493, 1.0421, -0.0112, -0.0421
3.0543, 1.0417, -0.0109, -0.0424
3.0593, 1.0420, -0.0107, -0.0426
3.0643, 1.0424, -0.0104, -0.0425
3.0693, 1.0428, -0.0101, -0.0421
3.0744, 1.0431, -0.0100, -0.0424
3.0794, 1.0436, -0.0101, -0.0430
3.0844, 1.0441, -0.0110, -0.0431
3.0894, 1.0437, -0.0114, -0.0427
3.0944, 1.0427, -0.0117, -0.0429
3.0994, 1.0419, -0.0115, -0.0432
3.1045, 1.0415, -0.0110, -0.0437
3.1095, 1.0416, -0.0108, -0.0443
3.1145, 1.0418, -0.0109, -0.0444
3.1195, 1.0420, -0.0110, -0.0437
3.1245, 1.0424, -0.0111, -0.0431
3.1296, 1.0426, -0.0114, -0.0429
3.1346, 1.0427, -0.0117, -0.0431
3.1396, 1.0425, -0.0118, -0.0431
3.1446, 1.0422, -0.0121, -0.0430
3.1496, 1.0418, -0.0120, -0.0424
3.1546, 1.0412, -0.0119, -0.0425
3.1597, 1.0408, -0.0121, -0.0433
3.1647, 1.0404, -0.0120, -0.0448
3.1697, 1.0399, -0.0116, -0.0456
3.1747, 1.0401, -0.0111, -0.0460
3.1797, 1.0408, -0.0108, -0.0462
3.1847, 1.0415, -0.0111, -0.0458
3.1898, 1.0418, -0.0111, -0.0453
3.1948, 1.0414, -0.0110, -0.0446
3.1998, 1.0408, -0.0109, -0.0439
3.2048, 1.0409, -0.0108, -0.0431
3.2098, 1.0409, -0.0106, -0.0420
3.2149, 1.0406, -0.0106, -0.0421
3.2199, 1.0405, -0.0108, -0.0434
3.2249, 1.0405, -0.0110, -0.0445
3.2299, 1.0407, -0.0112, -0.0453
3.2349, 1.0411, -0.0110, -0.0458
3.2400, 1.0416, -0.0108, -0.0455
3.2450, 1.0419, -0.0109, -0.0449
3.2500, 1.0421, -0.0105, -0.0449
3.2550, 1.0420, -0.0099, -0.0451
3.2600, 1.0421, -0.0097, -0.0453
3.2651, 1.0421, -0.0100, -0.0447
3.2701, 1.0417, -0.0101, -0.0438
3.2751, 1.0414, -0.0103, -0.0436
3.2801, 1.0405, -0.0102, -0.0437
3.2851, 1.0399, -0.0101, -0.0445
3.2901, 1.0401, -0.0102, -0.0457
3.2951, 1.0404, -0.0105, -0.0460
3.3002, 1.0404, -0.0107, -0.0459
3.3052, 1.0409, -0.0108, -0.0458
3.3102, 1.0417, -0.0105, -0.0454
3.3152, 1.0426, -0.0105, -0.0447
3.3202, 1.0432, -0.0105, -0.0444
3.3252, 1.0436, -0.0106, -0.0448
3.3303, 1.0435, -0.0108, -0.0449
3.3353, 1.0428, -0.0110, -0.0448
3.3403, 1.0424, -0.0109, -0.0447
3.3453, 1.0423, -0.0108, -0.0447
3.3503, 1.0429, -0.0106, -0.0448
3.3553, 1.0431, -0.0104, -0.0453
3.3604, 1.0432, -0.0105, -0.0453
3.3654, 1.0429, -0.0104, -0.0452
3.3704, 1.0429, -0.0102, -0.0451
3.3754, 1.0427, -0.0098, -0.0448
3.3804, 1.0424, -0.0098, -0.0449
3.3855, 1.0419, -0.0102, -0.0447
3.3905, 1.0417, -0.0104, -0.0446
3.3955, 1.0419, -0.0104, -0.0441
3.4005, 1.0418, -0.0104, -0.0438
3.4055, 1.0421, -0.0109, -0.0431
3.4106, 1.0424, -0.0113, -0.0426
3.4156, 1.0426, -0.0113, -0.0422
3.4206, 1.0425, -0.0113, -0.0423
3.4256, 1.0424, -0.0113, -0.0427
3.4306, 1.0426, -0.0115, -0.0427
3.4356, 1.0428, -0.0114, -0.0421
3.4406, 1.0426, -0.0109, -0.0416
3.4457, 1.0428, -0.0102, -0.0414
3.4507, 1.0427, -0.0095, -0.0418
3.4557, 1.0425, -0.0091, -0.0419
3.4607, 1.0419, -0.0089, -0.0421
3.4657, 1.0416, -0.0092, -0.0425
3.4707, 1.0419, -0.0099, -0.0426
3.4758, 1.0422, -0.0105, -0.0434
3.4808, 1.0421, -0.0108, -0.0446
3.4858, 1.0418, -0.0111, -0.0455
3.4908, 1.0423, -0.0113, -0.0459
3.4959, 1.0432, -0.0115, -0.0460
3.5009, 1.0434, -0.0115, -0.0455
3.5059, 1.0432, -0.0113, -0.0447
3.5109, 1.0425, -0.0110, -0.0435
3.5159, 1.0418, -0.0107, -0.0430
3.5209, 1.0411, -0.0107, -0.0431
3.5260, 1.0404, -0.0112, -0.0435
3.5310, 1.0404, -0.0114, -0.0437
3.5360, 1.0407, -0.0114, -0.0438
3.5410, 1.0418, -0.0114, -0.0436
3.5460, 1.0421, -0.0113, -0.0437
3.5510, 1.0421, -0.0113, -0.0443
3.5561, 1.0421, -0.0111, -0.0446
3.5611, 1.0420, -0.0105, -0.0446
3.5661, 1.0423, -0.0102, -0.0450
3.5711, 1.0425, -0.0105, -0.0450
3.5761, 1.0424, -0.0106, -0.0449
3.5811, 1.0423, -0.0105, -0.0450
3.5862, 1.0423, -0.0103, -0.0452
3.5912, 1.0425, -0.0100, -0.0449
3.5962, 1.0423, -0.0104, -0.0442
3.6012, 1.0422, -0.0109, -0.0436
3.6062, 1.0427, -0.0112, -0.0433
3.6112, 1.0427, -0.0109, -0.0429
3.6163, 1.0428, -0.0107, -0.0427
3.6213, 1.0430, -0.0107, -0.0430
3.6263, 1.0432, -0.0108, -0.0433
3.6313, 1.0434, -0.0108, -0.0436
3.6363, 1.0427, -0.0110, -0.0437
3.6413, 1.0419, -0.0113, -0.0440
3.6464, 1.0414, -0.0112, -0.0440
3.6514, 1.0411, -0.0109, -0.0440
3.6564, 1.0413, -0.0106, -0.0436
3.6614, 1.0417, -0.0107, -0.0434
3.6664, 1.0418, -0.0103, -0.0433
3.6714, 1.0421, -0.0098, -0.0424
3.6765, 1.0426, -0.0094, -0.0420
3.6815, 1.0431, -0.0093, -0.0420
3.6865, 1.0434, -0.0099, -0.0421
3.6915, 1.0430, -0.0107, -0.0419
3.6965, 1.0421, -0.0111, -0.0414
3.7016, 1.0413, -0.0114, -0.0415
3.7066, 1.0407, -0.0118, -0.0423
3.7116, 1.0402, -0.0118, -0.0434
3.7166, 1.0403, -0.0119, -0.0442
3.7216, 1.0411, -0.0123, -0.0443
3.7267, 1.0423, -0.0129, -0.0447
3.7317, 1.0430, -0.0130, -0.0454
3.7367, 1.0432, -0.0129, -0.0457
3.7417, 1.0433, -0.0119, -0.0452
3.7467, 1.0428, -0.0114, -0.0447
3.7517, 1.0423, -0.0115, -0.0436
3.7568, 1.0420, -0.0110, -0.0422
3.7618, 1.0424, -0.0106, -0.0412
3.7668, 1.0436, -0.0105, -0.0403
3.7718, 1.0446, -0.0103, -0.0397
3.7768, 1.0446, -0.0100, -0.0395
3.7818, 1.0441, -0.0100, -0.0406
3.7869, 1.0433, -0.0103, -0.0425
3.7919, 1.0424, -0.0102, -0.0443
3.7969, 1.0415, -0.0097, -0.0454
3.8019, 1.0417, -0.0094, -0.0459
3.8069, 1.0432, -0.0093, -0.0450
3.8119, 1.0449, -0.0091, -0.0440
3.8169, 1.0458, -0.0088, -0.0436
3.8220, 1.0460, -0.0086, -0.0439
3.8270, 1.0455, -0.0090, -0.0450
3.8320, 1.0441, -0.0094, -0.0456
3.8370, 1.0425, -0.0100, -0.0457
3.8420, 1.0414, -0.0108, -0.0457
3.8471, 1.0407, -0.0111, -0.0453
3.8521, 1.0408, -0.0113, -0.0450
3.8571, 1.0414, -0.0117, -0.0443
3.8621, 1.0425, -0.0118, -0.0434
3.8671, 1.0433, -0.0118, -0.0424
3.8722, 1.0436, -0.0115, -0.0415
3.8772, 1.0433, -0.0111, -0.0408
3.8822, 1.0429, -0.0109, -0.0408
3.8872, 1.0420, -0.0109, -0.0407
3.8922, 1.0419, -0.0109, -0.0406
3.8972, 1.0422, -0.0108, -0.0417
3.9023, 1.0425, -0.0108, -0.0431
3.9073, 1.0426, -0.0106, -0.0440
3.9123, 1.0424, -0.0110, -0.0447
3.9173, 1.0419, -0.0117, -0.0442
3.9223, 1.0416, -0.0119, -0.0432
3.9274, 1.0417, -0.0118, -0.0425
3.9324, 1.0420, -0.0115, -0.0418
3.9374, 1.0428, -0.0112, -0.0414
3.9424, 1.0428, -0.0111, -0.0412
3.9474, 1.0427, -0.0110, -0.0408
3.9524, 1.0422, -0.0110, -0.0407
3.9574, 1.0407, -0.0107, -0.0409
3.9625, 1.0393, -0.0103, -0.0418
3.9675, 1.0384, -0.0101, -0.0424
3.9725, 1.0378, -0.0101, -0.0434
3.9775, 1.0384, -0.0101, -0.0439
3.9825, 1.0403, -0.0101, -0.0443
3.9876, 1.0425, -0.0100, -0.0443
3.9926, 1.0445, -0.0098, -0.0445
3.9976, 1.0456, -0.0093, -0.0449
4.0026, 1.0453, -0.0092, -0.0444
4.0076, 1.0437, -0.0093, -0.0443
4.0126, 1.0418, -0.0095, -0.0443
4.0177, 1.0401, -0.0103, -0.0447
4.0227, 1.0393, -0.0106, -0.0453
4.0277, 1.0397, -0.0106, -0.0455
4.0327, 1.0404, -0.0103, -0.0449
4.0377, 1.0408, -0.0106, -0.0443
4.0428, 1.0415, -0.0105, -0.0439
4.0478, 1.0423, -0.0103, -0.0437
4.0528, 1.0429, -0.0100, -0.0438
4.0578, 1.0432, -0.0100, -0.0439
4.0629, 1.0435, -0.0100, -0.0437
4.0679, 1.0434, -0.0101, -0.0445
4.0729, 1.0430, -0.0102, -0.0451
4.0779, 1.0426, -0.0106, -0.0455
4.0829, 1.0419, -0.0110, -0.0452
4.0880, 1.0416, -0.0117, -0.0441
4.0930, 1.0415, -0.0118, -0.0431
4.0980, 1.0414, -0.0116, -0.0426
4.1030, 1.0415, -0.0111, -0.0423
4.1080, 1.0418, -0.0110, -0.0422
4.1131, 1.0427, -0.0111, -0.0424
4.1181, 1.0439, -0.0109, -0.0430
4.1231, 1.0446, -0.0105, -0.0437
4.1281, 1.0443, -0.0102, -0.0443
4.1331, 1.0436, -0.0103, -0.0453
4.1381, 1.0425, -0.0104, -0.0452
4.1432, 1.0413, -0.0101, -0.0445
4.1482, 1.0400, -0.0104, -0.0439
4.1532, 1.0393, -0.0106, -0.0431
4.1582, 1.0395, -0.0106, -0.0425
4.1633, 1.0402, -0.0106, -0.0418
4.1683, 1.0416, -0.0103, -0.0416
4.1733, 1.0431, -0.0099, -0.0424
4.1783, 1.0441, -0.0098, -0.0430
4.1833, 1.0446, -0.0099, -0.0442
4.1884, 1.0442, -0.0103, -0.0453
4.1934, 1.0433, -0.0107, -0.0461
4.1984, 1.0419, -0.0108, -0.0462
4.2034, 1.0407, -0.0109, -0.0458
4.2084, 1.0403, -0.0111, -0.0444
4.2135, 1.0402, -0.0112, -0.0430
4.2185, 1.0408, -0.0111, -0.0425
4.2235, 1.0416, -0.0106, -0.0419
4.2285, 1.0423, -0.0097, -0.0419
4.2335, 1.0429, -0.0096, -0.0423
4.2385, 1.0430, -0.0094, -0.0426
4.2436, 1.0430, -0.0098, -0.0428
4.2486, 1.0422, -0.0102, -0.0428
4.2536, 1.0413, -0.0105, -0.0428
4.2586, 1.0407, -0.0108, -0.0431
4.2636, 1.0401, -0.0113, -0.0438
4.2687, 1.0398, -0.0119, -0.0439
4.2737, 1.0398, -0.0119, -0.0435
4.2787, 1.0406, -0.0117, -0.0441
4.2837, 1.0414, -0.0115, -0.0444
4.2887, 1.0421, -0.0117, -0.0447
4.2938, 1.0427, -0.0116, -0.0448
4.2988, 1.0432, -0.0111, -0.0447
4.3038, 1.0437, -0.0106, -0.0447
4.3088, 1.0435, -0.0103, -0.0453
4.3138, 1.0429, -0.0101, -0.0454
4.3189, 1.0423, -0.0101, -0.0450
4.3239, 1.0419, -0.0107, -0.0443
4.3289, 1.0419, -0.0108, -0.0431
4.3339, 1.0424, -0.0108, -0.0423
4.3389, 1.0425, -0.0110, -0.0422
4.3440, 1.0422, -0.0108, -0.0427
4.3490, 1.0418, -0.0105, -0.0432
4.3540, 1.0417, -0.0102, -0.0439
4.3590, 1.0418, -0.0101, -0.0443
4.3640, 1.0418, -0.0104, -0.0443
4.3690, 1.0416, -0.0109, -0.0442
4.3741, 1.0410, -0.0114, -0.0438
4.3791, 1.0405, -0.0117, -0.0435
4.3841, 1.0407, -0.0116, -0.0435
4.3891, 1.0410, -0.0116, -0.0436
4.3941, 1.0412, -0.0113, -0.0436
4.3992, 1.0417, -0.0116, -0.0438
4.4042, 1.0421, -0.0117, -0.0442
4.4092, 1.0423, -0.0116, -0.0452
4.4142, 1.0421, -0.0116, -0.0458
4.4193, 1.0423, -0.0113, -0.0455
4.4243, 1.0431, -0.0112, -0.0453
4.4293, 1.0432, -0.0115, -0.0455
4.4343, 1.0427, -0.0117, -0.0451
4.4393, 1.0423, -0.0116, -0.0449
4.4444, 1.0420, -0.0115, -0.0447
4.4494, 1.0421, -0.0116, -0.0448
4.4544, 1.0421, -0.0116, -0.0447
4.4594, 1.0422, -0.0113, -0.0448
4.4644, 1.0423, -0.0112, -0.0445
4.4695, 1.0426, -0.0112, -0.0442
4.4745, 1.0426, -0.0110, -0.0436
4.4795, 1.0424, -0.0108, -0.0428
4.4845, 1.0423, -0.0109, -0.0426
4.4895, 1.0423, -0.0109, -0.0432
4.4946, 1.0424, -0.0109, -0.0432
4.4996, 1.0424, -0.0111, -0.0438
4.5046, 1.0420, -0.0111, -0.0444
4.5096, 1.0414, -0.0115, -0.0447
4.5147, 1.0410, -0.0117, -0.0453
4.5197, 1.0411, -0.0118, -0.0453
4.5247, 1.0413, -0.0120, -0.0450
4.5297, 1.0414, -0.0118, -0.0444
4.5347, 1.0418, -0.0114, -0.0435
4.5397, 1.0423, -0.0109, -0.0434
4.5448, 1.0425, -0.0102, -0.0443
4.5498, 1.0428, -0.0105, -0.0454
4.5548, 1.0430, -0.0109, -0.0459
4.5598, 1.0428, -0.0114, -0.0454
4.5648, 1.0427, -0.0115, -0.0453
4.5699, 1.0423, -0.0116, -0.0455
4.5749, 1.0419, -0.0111, -0.0455
4.5799, 1.0416, -0.0105, -0.0451
4.5849, 1.0415, -0.0096, -0.0443
4.5899, 1.0416, -0.0093, -0.0443
4.5950, 1.0421, -0.0093, -0.0451
4.6000, 1.0428, -0.0097, -0.0459
4.6050, 1.0427, -0.0099, -0.0463
4.6100, 1.0425, -0.0103, -0.0466
4.6150, 1.0424, -0.0103, -0.0468
4.6201, 1.0421, -0.0104, -0.0460
4.6251, 1.0417, -0.0104, -0.0445
4.6301, 1.0416, -0.0104, -0.0436
4.6351, 1.0418, -0.0104, -0.0429
4.6401, 1.0418, -0.0105, -0.0426
4.6452, 1.0417, -0.0105, -0.0432
4.6502, 1.0416, -0.0102, -0.0437
4.6552, 1.0415, -0.0099, -0.0437
4.6602, 1.0417, -0.0099, -0.0435
4.6652, 1.0418, -0.0106, -0.0434
4.6703, 1.0418, -0.0111, -0.0436
4.6753, 1.0419, -0.0113, -0.0440
4.6803, 1.0420, -0.0117, -0.0446
4.6853, 1.0417, -0.0124, -0.0453
4.6903, 1.0416, -0.0128, -0.0453
4.6954, 1.0416, -0.0123, -0.0451
4.7004, 1.0421, -0.0114, -0.0453
4.7054, 1.0426, -0.0107, -0.0452
4.7104, 1.0426, -0.0103, -0.0447
4.7154, 1.0428, -0.0101, -0.0444
4.7205, 1.0430, -0.0100, -0.0442
4.7255, 1.0429, -0.0097, -0.0438
4.7305, 1.0427, -0.0099, -0.0435
4.7355, 1.0430, -0.0101, -0.0439
4.7405, 1.0431, -0.0102, -0.0443
4.7456, 1.0430, -0.0100, -0.0449
4.7506, 1.0431, -0.0096, -0.0458
4.7556, 1.0427, -0.0097, -0.0462
4.7606, 1.0423, -0.0101, -0.0457
4.7656, 1.0423, -0.0107, -0.0457
4.7707, 1.0422, -0.0107, -0.0453
4.7757, 1.0420, -0.0105, -0.0451
4.7807, 1.0424, -0.0103, -0.0452
4.7857, 1.0426, -0.0102, -0.0454
4.7907, 1.0429, -0.0105, -0.0457
4.7958, 1.0428, -0.0102, -0.0456
4.8008, 1.0421, -0.0104, -0.0448
4.8058, 1.0415, -0.0110, -0.0436
4.8108, 1.0414, -0.0116, -0.0422
4.8158, 1.0419, -0.0122, -0.0414
4.8209, 1.0422, -0.0126, -0.0417
4.8259, 1.0427, -0.0124, -0.0420
4.8309, 1.0428, -0.0117, -0.0418
4.8359, 1.0426, -0.0112, -0.0426
4.8409, 1.0423, -0.0111, -0.0437
4.8460, 1.0422, -0.0113, -0.0447
4.8510, 1.0423, -0.0110, -0.0445
4.8560, 1.0425, -0.0107, -0.0438
4.8610, 1.0423, -0.0106, -0.0435
4.8660, 1.0420, -0.0107, -0.0430
4.8711, 1.0417, -0.0106, -0.0430
4.8761, 1.0417, -0.0105, -0.0435
4.8811, 1.0418, -0.0103, -0.0432
4.8861, 1.0418, -0.0100, -0.0428
4.8911, 1.0420, -0.0105, -0.0420
4.8962, 1.0421, -0.0108, -0.0419
4.9012, 1.0421, -0.0109, -0.0416
4.9062, 1.0422, -0.0106, -0.0418
4.9112, 1.0426, -0.0105, -0.0426
4.9162, 1.0429, -0.0104, -0.0433
4.9213, 1.0429, -0.0104, -0.0438
4.9263, 1.0425, -0.0103, -0.0434
4.9313, 1.0424, -0.0103, -0.0432
4.9363, 1.0424, -0.0103, -0.0439
4.9413, 1.0428, -0.0100, -0.0443
4.9464, 1.0430, -0.0098, -0.0443
4.9514, 1.0428, -0.0097, -0.0443
4.9564, 1.0429, -0.0097, -0.0443
4.9614, 1.0434, -0.0101, -0.0439
4.9664, 1.0433, -0.0099, -0.0440
4.9715, 1.0428, -0.0098, -0.0442
4.9765, 1.0425, -0.0100, -0.0441
4.9815, 1.0426, -0.0102, -0.0446
4.9865, 1.0425, -0.0103, -0.0450
4.9915, 1.0427, -0.0103, -0.0459
4.9965, 1.0430, -0.0105, -0.0461
5.0016, 1.0424, -0.0104, -0.0458
5.0066, 1.0422, -0.0103, -0.0456
5.0116, 1.0420, -0.0103, -0.0451
5.0166, 1.0420, -0.0104, -0.0442
5.0216, 1.0419, -0.0103, -0.0441
5.0267, 1.0419, -0.0105, -0.0444
5.0317, 1.0424, -0.0112, -0.0444
5.0367, 1.0428, -0.0122, -0.0441
5.0417, 1.0426, -0.0127, -0.0437
5.0467, 1.0424, -0.0127, -0.0430
5.0518, 1.0423, -0.0127, -0.0430
5.0568, 1.0418, -0.0128, -0.0435
5.0618, 1.0414, -0.0124, -0.0439
5.0668, 1.0413, -0.0118, -0.0442
5.0718, 1.0415, -0.0114, -0.0441
5.0769, 1.0419, -0.0109, -0.0445
5.0819, 1.0427, -0.0102, -0.0444
5.0869, 1.0431, -0.0097, -0.0444
5.0919, 1.0434, -0.0093, -0.0444
5.0969, 1.0432, -0.0092, -0.0442
5.1020, 1.0430, -0.0091, -0.0437
5.1070, 1.0426, -0.0093, -0.0431
5.1120, 1.0422, -0.0093, -0.0429
5.1170, 1.0420, -0.0094, -0.0427
5.1220, 1.0416, -0.0100, -0.0425
5.1271, 1.0414, -0.0104, -0.0425
5.1321, 1.0415, -0.0105, -0.0425
5.1371, 1.0416, -0.0106, -0.0419
5.1421, 1.0416, -0.0106, -0.0410
5.1471, 1.0420, -0.0108, -0.0406
5.1522, 1.0424, -0.0110, -0.0410
5.1572, 1.0428, -0.0112, -0.0420
5.1622, 1.0426, -0.0111, -0.0430
5.1672, 1.0425, -0.0109, -0.0439
5.1722, 1.0425, -0.0109, -0.0442
5.1773, 1.0427, -0.0110, -0.0446
5.1823, 1.0426, -0.0109, -0.0443
5.1873, 1.0422, -0.0109, -0.0446
5.1923, 1.0421, -0.0112, -0.0450
5.1973, 1.0421, -0.0117, -0.0444
5.2024, 1.0419, -0.0120, -0.0440
5.2074, 1.0419, -0.0120, -0.0436
5.2124, 1.0420, -0.0121, -0.0434
5.2174, 1.0422, -0.0119, -0.0430
5.2224, 1.0426, -0.0116, -0.0431
5.2275, 1.0433, -0.0112, -0.0430
5.2325, 1.0436, -0.0107, -0.0433
5.2375, 1.0439, -0.0104, -0.0435
5.2425, 1.0438, -0.0104, -0.0436
5.2475, 1.0437, -0.0104, -0.0438
5.2525, 1.0434, -0.0106, -0.0443
5.2576, 1.0430, -0.0110, -0.0445
5.2626, 1.0422, -0.0113, -0.0451
5.2676, 1.0421, -0.0112, -0.0454
5.2726, 1.0425, -0.0112, -0.0453
5.2776, 1.0428, -0.0115, -0.0450
5.2827, 1.0425, -0.0114, -0.0442
5.2877, 1.0419, -0.0112, -0.0439
5.2927, 1.0417, -0.0111, -0.0437
5.2977, 1.0418, -0.0108, -0.0438
5.3027, 1.0420, -0.0107, -0.0446
5.3078, 1.0420, -0.0102, -0.0452
5.3128, 1.0420, -0.0101, -0.0452
5.3178, 1.0421, -0.0103, -0.0450
5.3228, 1.0421, -0.0104, -0.0444
5.3279, 1.0421, -0.0109, -0.0433
5.3329, 1.0422, -0.0113, -0.0424
5.3379, 1.0420, -0.0109, -0.0423
5.3429, 1.0417, -0.0100, -0.0429
5.3479, 1.0415, -0.0092, -0.0436
5.3530, 1.0415, -0.0095, -0.0437
5.3580, 1.0416, -0.0100, -0.0438
5.3630, 1.0415, -0.0106, -0.0439
5.3680, 1.0415, -0.0114, -0.0439
5.3730, 1.0419, -0.0114, -0.0431
5.3781, 1.0419, -0.0113, -0.0424
5.3831, 1.0417, -0.0110, -0.0425
5.3881, 1.0416, -0.0106, -0.0424
5.3931, 1.0417, -0.0105, -0.0424
5.3981, 1.0419, -0.0106, -0.0425
5.4032, 1.0419, -0.0108, -0.0428
5.4082, 1.0421, -0.0111, -0.0424
5.4132, 1.0423, -0.0108, -0.0422
5.4182, 1.0422, -0.0105, -0.0429
5.4233, 1.0421, -0.0101, -0.0433
5.4283, 1.0421, -0.0099, -0.0437
5.4333, 1.0421, -0.0100, -0.0437
5.4383, 1.0425, -0.0102, -0.0438
5.4433, 1.0433, -0.0103, -0.0438
5.4483, 1.0436, -0.0103, -0.0436
5.4534, 1.0435, -0.0103, -0.0441
5.4584, 1.0430, -0.0105, -0.0449
5.4634, 1.0429, -0.0103, -0.0459
5.4684, 1.0427, -0.0100, -0.0461
5.4734, 1.0426, -0.0099, -0.0452
5.4785, 1.0429, -0.0092, -0.0450
5.4835, 1.0432, -0.0086, -0.0444
5.4885, 1.0432, -0.0088, -0.0440
5.4935, 1.0427, -0.0093, -0.0439
5.4985, 1.0422, -0.0097, -0.0431
5.5036, 1.0414, -0.0105, -0.0429
5.5086, 1.0409, -0.0105, -0.0428
5.5136, 1.0410, -0.0105, -0.0424
5.5186, 1.0414, -0.0104, -0.0419
5.5236, 1.0414, -0.0102, -0.0410
5.5287, 1.0415, -0.0102, -0.0409
5.5337, 1.0425, -0.0102, -0.0407
5.5387, 1.0430, -0.0103, -0.0408
5.5437, 1.0434, -0.0105, -0.0411
5.5488, 1.0437, -0.0107, -0.0411
5.5538, 1.0437, -0.0109, -0.0407
5.5588, 1.0434, -0.0111, -0.0403
5.5638, 1.0432, -0.0110, -0.0413
5.5688, 1.0429, -0.0108, -0.0420
5.5739, 1.0431, -0.0112, -0.0424
5.5789, 1.0432, -0.0107, -0.0431
5.5839, 1.0430, -0.0104, -0.0423
5.5889, 1.0425, -0.0105, -0.0415
5.5939, 1.0419, -0.0107, -0.0421
5.5990, 1.0418, -0.0107, -0.0428
5.6040, 1.0421, -0.0110, -0.0431
5.6090, 1.0423, -0.0115, -0.0428
5.6140, 1.0428, -0.0118, -0.0423
5.6190, 1.0432, -0.0116, -0.0424
5.6241, 1.0431, -0.0114, -0.0428
5.6291, 1.0426, -0.0110, -0.0430
5.6341, 1.0421, -0.0106, -0.0431
5.6391, 1.0418, -0.0103, -0.0425
5.6441, 1.0412, -0.0098, -0.0418
5.6492, 1.0408, -0.0093, -0.0416
5.6542, 1.0408, -0.0093, -0.0421
5.6592, 1.0413, -0.0092, -0.0426
5.6642, 1.0416, -0.0092, -0.0433
5.6692, 1.0417, -0.0099, -0.0435
5.6743, 1.0418, -0.0106, -0.0428
5.6793, 1.0417, -0.0108, -0.0423
5.6843, 1.0416, -0.0109, -0.0418
5.6893, 1.0411, -0.0113, -0.0419
5.6943, 1.0409, -0.0116, -0.0426
5.6994, 1.0412, -0.0123, -0.0434
5.7044, 1.0413, -0.0132, -0.0439
5.7094, 1.0412, -0.0134, -0.0448
5.7144, 1.0417, -0.0133, -0.0457
5.7194, 1.0420, -0.0128, -0.0461
5.7245, 1.0421, -0.0121, -0.0459
5.7295, 1.0418, -0.0114, -0.0454
5.7345, 1.0418, -0.0109, -0.0451
5.7395, 1.0417, -0.0105, -0.0447
5.7445, 1.0418, -0.0105, -0.0441
5.7496, 1.0421, -0.0106, -0.0433
5.7546, 1.0423, -0.0109, -0.0430
5.7596, 1.0421, -0.0110, -0.0429
5.7646, 1.0420, -0.0107, -0.0424
5.7696, 1.0418, -0.0102, -0.0425
5.7747, 1.0417, -0.0099, -0.0430
5.7797, 1.0418, -0.0096, -0.0432
5.7847, 1.0419, -0.0100, -0.0432
5.7897, 1.0421, -0.0103, -0.0435
5.7947, 1.0420, -0.0104, -0.0443
5.7998, 1.0415, -0.0104, -0.0449
5.8048, 1.0412, -0.0106, -0.0454
5.8098, 1.0413, -0.0105, -0.0457
5.8148, 1.0413, -0.0105, -0.0453
5.8199, 1.0415, -0.0105, -0.0448
5.8249, 1.0418, -0.0105, -0.0449
5.8299, 1.0418, -0.0103, -0.0447
5.8349, 1.0416, -0.0104, -0.0447
5.8399, 1.0418, -0.0103, -0.0447
5.8449, 1.0416, -0.0106, -0.0452
5.8500, 1.0414, -0.0108, -0.0461
5.8550, 1.0411, -0.0108, -0.0463
5.8600, 1.0410, -0.0110, -0.0462
5.8650, 1.0412, -0.0114, -0.0462
5.8700, 1.0414, -0.0115, -0.0463
5.8751, 1.0418, -0.0119, -0.0456
5.8801, 1.0422, -0.0122, -0.0448
5.8851, 1.0424, -0.0124, -0.0443
5.8901, 1.0423, -0.0126, -0.0441
5.8951, 1.0419, -0.0122, -0.0445
5.9002, 1.0416, -0.0117, -0.0444
5.9052, 1.0421, -0.0108, -0.0439
5.9102, 1.0419, -0.0100, -0.0439
5.9152, 1.0416, -0.0098, -0.0440
5.9203, 1.0419, -0.0098, -0.0447
5.9253, 1.0418, -0.0102, -0.0450
5.9303, 1.0415, -0.0108, -0.0452
5.9353, 1.0412, -0.0111, -0.0452
5.9403, 1.0409, -0.0113, -0.0450
5.9454, 1.0410, -0.0113, -0.0453
5.9504, 1.0413, -0.0112, -0.0455
5.9554, 1.0419, -0.0110, -0.0450
5.9604, 1.0424, -0.0108, -0.0452
5.9654, 1.0425, -0.0109, -0.0448
5.9705, 1.0430, -0.0107, -0.0443
5.9755, 1.0432, -0.0104, -0.0444
5.9805, 1.0429, -0.0104, -0.0442
5.9855, 1.0424, -0.0108, -0.0439
5.9905, 1.0421, -0.0106, -0.0441
5.9955, 1.0417, -0.0103, -0.0441
6.0006, 1.0411, -0.0102, -0.0438
6.0056, 1.0409, -0.0104, -0.0437
6.0106, 1.0417, -0.0105, -0.0432
6.0156, 1.0426, -0.0105, -0.0428
6.0206, 1.0430, -0.0111, -0.0430
6.0256, 1.0432, -0.0108, -0.0435
6.0307, 1.0430, -0.0103, -0.0446
6.0357, 1.0427, -0.0099, -0.0452
6.0407, 1.0426, -0.0101, -0.0455
6.0457, 1.0423, -0.0104, -0.0451
6.0507, 1.0419, -0.0107, -0.0442
6.0558, 1.0418, -0.0111, -0.0439
6.0608, 1.0419, -0.0113, -0.0442
6.0658, 1.0424, -0.0114, -0.0446
6.0708, 1.0429, -0.0116, -0.0446
6.0758, 1.0426, -0.0115, -0.0439
6.0809, 1.0423, -0.0112, -0.0435
6.0859, 1.0423, -0.0111, -0.0428
6.0909, 1.0419, -0.0113, -0.0420
6.0959, 1.0413, -0.0111, -0.0423
6.1009, 1.0411, -0.0110, -0.0425
6.1060, 1.0413, -0.0112, -0.0418
6.1110, 1.0418, -0.0117, -0.0415
6.1160, 1.0422, -0.0124, -0.0421
6.1210, 1.0423, -0.0131, -0.0421
6.1260, 1.0423, -0.0131, -0.0418
6.1311, 1.0420, -0.0127, -0.0418
6.1361, 1.0420, -0.0121, -0.0422
6.1411, 1.0422, -0.0116, -0.0423
6.1461, 1.0421, -0.0113, -0.0426
6.1512, 1.0420, -0.0109, -0.0433
6.1562, 1.0423, -0.0106, -0.0436
6.1612, 1.0424, -0.0107, -0.0434
6.1662, 1.0425, -0.0100, -0.0440
6.1712, 1.0423, -0.0094, -0.0444
6.1763, 1.0418, -0.0095, -0.0443
6.1813, 1.0419, -0.0095, -0.0437
6.1863, 1.0421, -0.0092, -0.0433
6.1913, 1.0423, -0.0091, -0.0429
6.1963, 1.0424, -0.0094, -0.0430
6.2014, 1.0432, -0.0096, -0.0429
6.2064, 1.0438, -0.0098, -0.0428
6.2114, 1.0443, -0.0100, -0.0435
6.2164, 1.0443, -0.0099, -0.0441
6.2214, 1.0440, -0.0096, -0.0441
6.2265, 1.0438, -0.0091, -0.0440
6.2315, 1.0438, -0.0086, -0.0443
6.2365, 1.0427, -0.0087, -0.0443
6.2415, 1.0422, -0.0089, -0.0446
6.2465, 1.0415, -0.0093, -0.0447
6.2516, 1.0414, -0.0093, -0.0433
6.2566, 1.0415, -0.0098, -0.0424
6.2616, 1.0415, -0.0108, -0.0419
6.2666, 1.0414, -0.0115, -0.0425
6.2716, 1.0413, -0.0115, -0.0428
6.2767, 1.0413, -0.0115, -0.0428
6.2817, 1.0415, -0.0115, -0.0425
6.2867, 1.0418, -0.0111, -0.0422
6.2917, 1.0421, -0.0108, -0.0422
6.2968, 1.0426, -0.0106, -0.0425
6.3018, 1.0426, -0.0105, -0.0425
6.3068, 1.0429, -0.0104, -0.0428
6.3118, 1.0436, -0.0103, -0.0442
6.3168, 1.0438, -0.0109, -0.0450
6.3219, 1.0438, -0.0112, -0.0445
6.3269, 1.0434, -0.0113, -0.0444
6.3319, 1.0434, -0.0113, -0.0445
6.3369, 1.0434, -0.0116, -0.0449
6.3419, 1.0431, -0.0114, -0.0449
6.3470, 1.0427, -0.0112, -0.0442
6.3520, 1.0424, -0.0109, -0.0433
6.3570, 1.0425, -0.0106, -0.0426
6.3620, 1.0430, -0.0104, -0.0418
6.3670, 1.0432, -0.0108, -0.0419
6.3721, 1.0435, -0.0113, -0.0424
6.3771, 1.0434, -0.0118, -0.0427
6.3821, 1.0431, -0.0118, -0.0429
6.3871, 1.0425, -0.0116, -0.0426
6.3921, 1.0418, -0.0112, -0.0429
6.3971, 1.0414, -0.0109, -0.0432
6.4022, 1.0414, -0.0104, -0.0430
6.4072, 1.0415, -0.0099, -0.0427
6.4122, 1.0412, -0.0092, -0.0428
6.4172, 1.0410, -0.0091, -0.0432
6.4223, 1.0413, -0.0091, -0.0436
6.4273, 1.0420, -0.0091, -0.0435
6.4323, 1.0425, -0.0094, -0.0437
6.4373, 1.0428, -0.0101, -0.0443
6.4424, 1.0433, -0.0106, -0.0447
6.4474, 1.0434, -0.0108, -0.0441
6.4524, 1.0435, -0.0108, -0.0438
6.4574, 1.0434, -0.0107, -0.0440
6.4624, 1.0431, -0.0106, -0.0436
6.4674, 1.0425, -0.0107, -0.0428
6.4725, 1.0421, -0.0104, -0.0426
6.4775, 1.0418, -0.0100, -0.0426
6.4825, 1.0417, -0.0102, -0.0425
6.4875, 1.0413, -0.0107, -0.0426
6.4926, 1.0417, -0.0109, -0.0426
6.4976, 1.0427, -0.0106, -0.0423
6.5026, 1.0432, -0.0104, -0.0427
6.5076, 1.0437, -0.0106, -0.0432
6.5126, 1.0435, -0.0106, -0.0437
6.5176, 1.0430, -0.0109, -0.0441
6.5227, 1.0425, -0.0112, -0.0446
6.5277, 1.0420, -0.0115, -0.0454
6.5327, 1.0417, -0.0115, -0.0459
6.5377, 1.0416, -0.0114, -0.0459
6.5427, 1.0416, -0.0113, -0.0442
6.5478, 1.0414, -0.0112, -0.0427
6.5528, 1.0414, -0.0111, -0.0415
6.5578, 1.0417, -0.0112, -0.0407
6.5628, 1.0418, -0.0113, -0.0404
6.5678, 1.0421, -0.0113, -0.0400
6.5729, 1.0423, -0.0113, -0.0401
6.5779, 1.0424, -0.0116, -0.0411
6.5829, 1.0423, -0.0121, -0.0420
6.5879, 1.0420, -0.0123, -0.0430
6.5929, 1.0419, -0.0120, -0.0440
6.5980, 1.0421, -0.0117, -0.0440
6.6030, 1.0425, -0.0115, -0.0436
6.6080, 1.0428, -0.0114, -0.0434
6.6130, 1.0429, -0.0109, -0.0429
6.6180, 1.0428, -0.0104, -0.0429
6.6231, 1.0427, -0.0105, -0.0434
6.6281, 1.0425, -0.0106, -0.0440
6.6331, 1.0423, -0.0107, -0.0442
6.6381, 1.0422, -0.0108, -0.0439
6.6431, 1.0422, -0.0111, -0.0439
6.6482, 1.0422, -0.0114, -0.0436
6.6532, 1.0424, -0.0115, -0.0433
6.6582, 1.0429, -0.0115, -0.0425
6.6632, 1.0432, -0.0115, -0.0422
6.6682, 1.0431, -0.0113, -0.0425
6.6733, 1.0429, -0.0113, -0.0429
6.6783, 1.0429, -0.0117, -0.0431
6.6833, 1.0429, -0.0119, -0.0438
6.6883, 1.0422, -0.0120, -0.0447
6.6934, 1.0418, -0.0119, -0.0455
6.6984, 1.0415, -0.0115, -0.0461
6.7034, 1.0408, -0.0110, -0.0460
6.7084, 1.0391, -0.0104, -0.0449
6.7134, 1.0408, -0.0100, -0.0437
6.7185, 1.0418, -0.0098, -0.0426
6.7235, 1.0405, -0.0098, -0.0419
6.7285, 1.0427, -0.0104, -0.0412
6.7335, 1.0447, -0.0110, -0.0406
6.7385, 1.0503, -0.0114, -0.0413
6.7435, 1.0531, -0.0113, -0.0418
6.7486, 1.0509, -0.0112, -0.0422
6.7536, 1.0473, -0.0110, -0.0431
6.7586, 1.0437, -0.0104, -0.0429
6.7636, 1.0407, -0.0103, -0.0424
6.7687, 1.0367, -0.0105, -0.0411
6.7737, 1.0361, -0.0114, -0.0413
6.7787, 1.0371, -0.0118, -0.0412
6.7837, 1.0401, -0.0120, -0.0424
6.7887, 1.0427, -0.0121, -0.0444
6.7938, 1.0438, -0.0117, -0.0446
6.7988, 1.0460, -0.0114, -0.0450
6.8038, 1.0461, -0.0108, -0.0442
6.8088, 1.0457, -0.0101, -0.0446
6.8138, 1.0441, -0.0101, -0.0452
6.8189, 1.0426, -0.0101, -0.0454
6.8239, 1.0411, -0.0099, -0.0456
6.8289, 1.0386, -0.0101, -0.0438
6.8339, 1.0380, -0.0107, -0.0430
6.8390, 1.0374, -0.0113, -0.0423
6.8440, 1.0379, -0.0115, -0.0425
6.8490, 1.0387, -0.0114, -0.0427
6.8540, 1.0407, -0.0113, -0.0429
6.8590, 1.0435, -0.0109, -0.0436
6.8640, 1.0459, -0.0104, -0.0440
6.8691, 1.0481, -0.0104, -0.0447
6.8741, 1.0480, -0.0106, -0.0449
6.8791, 1.0470, -0.0111, -0.0454
6.8841, 1.0449, -0.0112, -0.0454
6.8891, 1.0418, -0.0108, -0.0448
6.8942, 1.0396, -0.0103, -0.0444
6.8992, 1.0385, -0.0103, -0.0433
6.9042, 1.0387, -0.0103, -0.0430
6.9092, 1.0394, -0.0101, -0.0426
6.9142, 1.0414, -0.0103, -0.0422
6.9193, 1.0437, -0.0106, -0.0423
6.9243, 1.0458, -0.0108, -0.0430
6.9293, 1.0467, -0.0108, -0.0436
6.9343, 1.0456, -0.0111, -0.0442
6.9393, 1.0445, -0.0115, -0.0447
6.9443, 1.0431, -0.0113, -0.0446
6.9494, 1.0421, -0.0109, -0.0445
6.9544, 1.0409, -0.0105, -0.0437
6.9594, 1.0407, -0.0103, -0.0426
6.9644, 1.0407, -0.0103, -0.0419
6.9694, 1.0407, -0.0101, -0.0413
6.9745, 1.0407, -0.0102, -0.0419
6.9795, 1.0409, -0.0104, -0.0426
6.9845, 1.0417, -0.0102, -0.0430
6.9895, 1.0420, -0.0100, -0.0437
6.9945, 1.0425, -0.0102, -0.0440
6.9996, 1.0427, -0.0106, -0.0441
7.0046, 1.0430, -0.0110, -0.0441
7.0096, 1.0425, -0.0110, -0.0448
7.0146, 1.0413, -0.0109, -0.0449
7.0196, 1.0411, -0.0106, -0.0445
7.0246, 1.0410, -0.0105, -0.0442
7.0297, 1.0415, -0.0106, -0.0442
7.0347, 1.0424, -0.0107, -0.0439
7.0397, 1.0441, -0.0108, -0.0440
7.0447, 1.0454, -0.0108, -0.0444
7.0497, 1.0456, -0.0107, -0.0450
7.0548, 1.0451, -0.0105, -0.0454
7.0598, 1.0432, -0.0104, -0.0452
7.0648, 1.0411, -0.0105, -0.0452
7.0698, 1.0396, -0.0104, -0.0453
7.0748, 1.0395, -0.0106, -0.0454
7.0799, 1.0403, -0.0110, -0.0456
7.0849, 1.0413, -0.0114, -0.0449
7.0899, 1.0429, -0.0111, -0.0441
7.0949, 1.0444, -0.0106, -0.0430
7.0999, 1.0451, -0.0102, -0.0424
7.1050, 1.0451, -0.0103, -0.0418
7.1100, 1.0440, -0.0104, -0.0415
7.1150, 1.0422, -0.0107, -0.0416
7.1200, 1.0407, -0.0107, -0.0418
7.1250, 1.0399, -0.0109, -0.0417
7.1300, 1.0395, -0.0114, -0.0416
7.1351, 1.0403, -0.0117, -0.0419
7.1401, 1.0421, -0.0113, -0.0422
7.1451, 1.0434, -0.0106, -0.0427
7.1501, 1.0441, -0.0103, -0.0428
7.1551, 1.0441, -0.0102, -0.0437
7.1602, 1.0436, -0.0099, -0.0444
7.1652, 1.0427, -0.0100, -0.0442
7.1702, 1.0421, -0.0106, -0.0443
7.1752, 1.0414, -0.0114, -0.0444
7.1802, 1.0409, -0.0119, -0.0442
7.1853, 1.0406, -0.0118, -0.0449
7.1903, 1.0408, -0.0113, -0.0452
7.1953, 1.0408, -0.0106, -0.0448
7.2003, 1.0408, -0.0102, -0.0445
7.2053, 1.0413, -0.0098, -0.0441
7.2104, 1.0419, -0.0095, -0.0435
7.2154, 1.0430, -0.0092, -0.0430
7.2204, 1.0436, -0.0093, -0.0431
7.2254, 1.0435, -0.0094, -0.0431
7.2304, 1.0429, -0.0098, -0.0432
7.2354, 1.0421, -0.0101, -0.0432
7.2405, 1.0415, -0.0104, -0.0432
7.2455, 1.0414, -0.0110, -0.0432
7.2505, 1.0420, -0.0113, -0.0429
7.2555, 1.0423, -0.0113, -0.0429
7.2605, 1.0425, -0.0113, -0.0425
7.2655, 1.0432, -0.0112, -0.0420
7.2706, 1.0434, -0.0107, -0.0418
7.2756, 1.0436, -0.0101, -0.0417
7.2806, 1.0434, -0.0095, -0.0420
7.2856, 1.0428, -0.0089, -0.0418
7.2906, 1.0421, -0.0089, -0.0418
7.2956, 1.0417, -0.0090, -0.0425
7.3007, 1.0414, -0.0093, -0.0425
7.3057, 1.0410, -0.0098, -0.0417
7.3107, 1.0407, -0.0103, -0.0414
7.3157, 1.0408, -0.0101, -0.0416
7.3207, 1.0414, -0.0102, -0.0422
7.3258, 1.0420, -0.0101, -0.0429
7.3308, 1.0425, -0.0097, -0.0433
7.3358, 1.0431, -0.0093, -0.0431
7.3408, 1.0431, -0.0093, -0.0426
7.3458, 1.0434, -0.0094, -0.0423
7.3509, 1.0433, -0.0101, -0.0418
7.3559, 1.0433, -0.0108, -0.0419
7.3609, 1.0431, -0.0114, -0.0416
7.3659, 1.0426, -0.0121, -0.0417
7.3709, 1.0428, -0.0121, -0.0426
7.3760, 1.0432, -0.0116, -0.0438
7.3810, 1.0430, -0.0109, -0.0444
7.3860, 1.0429, -0.0106, -0.0449
7.3910, 1.0429, -0.0104, -0.0451
7.3960, 1.0429, -0.0099, -0.0451
7.4010, 1.0433, -0.0098, -0.0449
7.4061, 1.0440, -0.0100, -0.0447
7.4111, 1.0443, -0.0104, -0.0445
7.4161, 1.0439, -0.0107, -0.0443
7.4211, 1.0434, -0.0110, -0.0437
7.4262, 1.0429, -0.0107, -0.0431
7.4312, 1.0423, -0.0107, -0.0424
7.4362, 1.0421, -0.0108, -0.0426
7.4412, 1.0421, -0.0107, -0.0433
7.4463, 1.0425, -0.0107, -0.0439
7.4513, 1.0432, -0.0106, -0.0444
7.4563, 1.0433, -0.0103, -0.0442
7.4613, 1.0427, -0.0103, -0.0436
7.4663, 1.0419, -0.0103, -0.0434
7.4714, 1.0414, -0.0103, -0.0436
7.4764, 1.0414, -0.0104, -0.0436
7.4814, 1.0410, -0.0103, -0.0435
7.4864, 1.0409, -0.0104, -0.0438
7.4914, 1.0412, -0.0103, -0.0439
7.4964, 1.0415, -0.0099, -0.0440
7.5015, 1.0417, -0.0097, -0.0442
7.5065, 1.0423, -0.0100, -0.0445
7.5115, 1.0429, -0.0103, -0.0444
7.5165, 1.0428, -0.0106, -0.0441
7.5215, 1.0432, -0.0108, -0.0432
7.5266, 1.0433, -0.0110, -0.0415
7.5316, 1.0432, -0.0111, -0.0406
7.5366, 1.0427, -0.0110, -0.0401
7.5416, 1.0421, -0.0111, -0.0400
7.5466, 1.0415, -0.0114, -0.0405
7.5517, 1.0413, -0.0115, -0.0414
7.5567, 1.0407, -0.0114, -0.0422
7.5617, 1.0402, -0.0115, -0.0430
7.5667, 1.0404, -0.0116, -0.0439
7.5717, 1.0409, -0.0114, -0.0450
7.5768, 1.0413, -0.0111, -0.0450
7.5818, 1.0419, -0.0109, -0.0445
7.5868, 1.0421, -0.0101, -0.0434
7.5918, 1.0419, -0.0094, -0.0431
7.5969, 1.0416, -0.0090, -0.0431
7.6019, 1.0412, -0.0095, -0.0426
7.6069, 1.0408, -0.0101, -0.0420
7.6119, 1.0408, -0.0107, -0.0414
7.6169, 1.0409, -0.0111, -0.0409
7.6219, 1.0417, -0.0112, -0.0404
7.6270, 1.0426, -0.0110, -0.0397
7.6320, 1.0432, -0.0108, -0.0394
7.6370, 1.0432, -0.0108, -0.0395
7.6420, 1.0427, -0.0109, -0.0400
7.6470, 1.0419, -0.0106, -0.0413
7.6521, 1.0418, -0.0107, -0.0431
7.6571, 1.0419, -0.0111, -0.0440
7.6621, 1.0420, -0.0112, -0.0445
7.6671, 1.0422, -0.0114, -0.0452
7.6721, 1.0423, -0.0112, -0.0452
7.6772, 1.0424, -0.0108, -0.0449
7.6822, 1.0429, -0.0105, -0.0445
7.6872, 1.0435, -0.0106, -0.0442
7.6922, 1.0438, -0.0106, -0.0436
7.6972, 1.0434, -0.0106, -0.0438
7.7023, 1.0432, -0.0104, -0.0443
7.7073, 1.0430, -0.0102, -0.0458
7.7123, 1.0428, -0.0100, -0.0468
7.7173, 1.0428, -0.0100, -0.0470
7.7223, 1.0429, -0.0102, -0.0464
7.7274, 1.0429, -0.0102, -0.0456
7.7324, 1.0424, -0.0102, -0.0449
7.7374, 1.0422, -0.0103, -0.0440
7.7424, 1.0422, -0.0105, -0.0428
7.7474, 1.0429, -0.0106, -0.0416
7.7525, 1.0428, -0.0103, -0.0409
7.7575, 1.0423, -0.0105, -0.0407
7.7625, 1.0421, -0.0108, -0.0413
7.7675, 1.0418, -0.0109, -0.0416
7.7725, 1.0416, -0.0103, -0.0418
7.7776, 1.0410, -0.0099, -0.0425
7.7826, 1.0408, -0.0098, -0.0436
7.7876, 1.0410, -0.0100, -0.0438
7.7926, 1.0413, -0.0099, -0.0436
7.7976, 1.0418, -0.0098, -0.0422
7.8027, 1.0425, -0.0097, -0.0413
7.8077, 1.0432, -0.0101, -0.0415
7.8127, 1.0435, -0.0104, -0.0413
7.8177, 1.0435, -0.0108, -0.0413
7.8227, 1.0435, -0.0113, -0.0419
7.8277, 1.0432, -0.0113, -0.0424
7.8328, 1.0426, -0.0113, -0.0430
7.8378, 1.0420, -0.0113, -0.0433
7.8428, 1.0418, -0.0109, -0.0437
7.8478, 1.0418, -0.0104, -0.0445
7.8529, 1.0418, -0.0102, -0.0448
7.8579, 1.0415, -0.0105, -0.0443
7.8629, 1.0417, -0.0110, -0.0440
7.8679, 1.0422, -0.0110, -0.0442
7.8729, 1.0424, -0.0107, -0.0447
7.8780, 1.0425, -0.0107, -0.0445
7.8830, 1.0425, -0.0107, -0.0441
7.8880, 1.0424, -0.0106, -0.0431
7.8930, 1.0425, -0.0107, -0.0424
7.8980, 1.0425, -0.0104, -0.0423
7.9031, 1.0421, -0.0101, -0.0423
7.9081, 1.0421, -0.0100, -0.0418
7.9131, 1.0426, -0.0098, -0.0415
7.9181, 1.0428, -0.0095, -0.0407
7.9231, 1.0426, -0.0093, -0.0398
7.9281, 1.0424, -0.0094, -0.0393
7.9332, 1.0423, -0.0099, -0.0399
7.9382, 1.0426, -0.0105, -0.0411
7.9432, 1.0427, -0.0107, -0.0418
7.9482, 1.0425, -0.0110, -0.0420
7.9532, 1.0423, -0.0113, -0.0425
7.9583, 1.0422, -0.0113, -0.0431
7.9633, 1.0422, -0.0111, -0.0432
7.9683, 1.0424, -0.0109, -0.0430
7.9733, 1.0428, -0.0109, -0.0429
7.9783, 1.0434, -0.0105, -0.0427
7.9834, 1.0432, -0.0103, -0.0421
7.9884, 1.0427, -0.0102, -0.0416
7.9934, 1.0421, -0.0102, -0.0417
7.9984, 1.0420, -0.0106, -0.0424
8.0034, 1.0417, -0.0110, -0.0428
8.0085, 1.0416, -0.0113, -0.0429
8.0135, 1.0417, -0.0114, -0.0429
8.0185, 1.0416, -0.0113, -0.0429
8.0235, 1.0419, -0.0112, -0.0434
8.0285, 1.0423, -0.0114, -0.0431
8.0336, 1.0428, -0.0115, -0.0429
8.0386, 1.0428, -0.0114, -0.0430
8.0436, 1.0428, -0.0115, -0.0430
8.0486, 1.0423, -0.0116, -0.0430
8.0537, 1.0422, -0.0116, -0.0428
8.0587, 1.0423, -0.0111, -0.0425
8.0637, 1.0424, -0.0105, -0.0428
8.0687, 1.0427, -0.0100, -0.0427
8.0738, 1.0435, -0.0099, -0.0417
8.0788, 1.0440, -0.0099, -0.0411
8.0838, 1.0442, -0.0097, -0.0410
8.0888, 1.0442, -0.0101, -0.0410
8.0939, 1.0436, -0.0112, -0.0419
8.0989, 1.0429, -0.0117, -0.0432
8.1039, 1.0426, -0.0116, -0.0442
8.1089, 1.0425, -0.0112, -0.0442
8.1139, 1.0426, -0.0110, -0.0437
8.1190, 1.0430, -0.0108, -0.0438
8.1240, 1.0433, -0.0106, -0.0442
8.1290, 1.0433, -0.0106, -0.0439
8.1340, 1.0428, -0.0107, -0.0429
8.1390, 1.0419, -0.0110, -0.0421
8.1441, 1.0412, -0.0113, -0.0420
8.1491, 1.0416, -0.0112, -0.0427
8.1541, 1.0421, -0.0114, -0.0434
8.1591, 1.0424, -0.0116, -0.0445
8.1641, 1.0426, -0.0118, -0.0454
8.1692, 1.0429, -0.0116, -0.0457
8.1742, 1.0428, -0.0111, -0.0451
8.1792, 1.0425, -0.0109, -0.0445
8.1842, 1.0427, -0.0111, -0.0438
8.1893, 1.0426, -0.0114, -0.0435
8.1943, 1.0424, -0.0113, -0.0429
8.1993, 1.0425, -0.0111, -0.0415
8.2043, 1.0426, -0.0108, -0.0411
8.2093, 1.0424, -0.0107, -0.0415
8.2144, 1.0421, -0.0109, -0.0415
8.2194, 1.0421, -0.0113, -0.0413
8.2244, 1.0428, -0.0115, -0.0415
8.2294, 1.0429, -0.0114, -0.0422
8.2345, 1.0427, -0.0118, -0.0424
8.2395, 1.0430, -0.0123, -0.0422
8.2445, 1.0431, -0.0128, -0.0425
8.2495, 1.0428, -0.0130, -0.0431
8.2546, 1.0421, -0.0132, -0.0435
8.2596, 1.0417, -0.0131, -0.0436
8.2646, 1.0413, -0.0125, -0.0433
8.2696, 1.0414, -0.0121, -0.0424
8.2746, 1.0417, -0.0117, -0.0417
8.2797, 1.0419, -0.0118, -0.0417
8.2847, 1.0421, -0.0113, -0.0426
8.2897, 1.0427, -0.0107, -0.0435
8.2947, 1.0434, -0.0107, -0.0442
8.2998, 1.0437, -0.0110, -0.0447
8.3048, 1.0434, -0.0111, -0.0440
8.3098, 1.0427, -0.0113, -0.0430
8.3148, 1.0420, -0.0116, -0.0429
8.3199, 1.0418, -0.0111, -0.0431
8.3249, 1.0418, -0.0110, -0.0434
8.3299, 1.0419, -0.0116, -0.0436
8.3349, 1.0425, -0.0114, -0.0433
8.3399, 1.0428, -0.0115, -0.0435
8.3450, 1.0428, -0.0110, -0.0440
8.3500, 1.0430, -0.0108, -0.0442
8.3550, 1.0432, -0.0107, -0.0439
8.3600, 1.0435, -0.0107, -0.0434
8.3651, 1.0431, -0.0104, -0.0420
8.3701, 1.0423, -0.0102, -0.0415
8.3751, 1.0415, -0.0103, -0.0418
8.3801, 1.0407, -0.0102, -0.0426
8.3851, 1.0401, -0.0104, -0.0430
8.3901, 1.0398, -0.0106, -0.0430
8.3952, 1.0400, -0.0111, -0.0422
8.4002, 1.0406, -0.0114, -0.0420
8.4052, 1.0413, -0.0116, -0.0422
8.4102, 1.0424, -0.0108, -0.0421
8.4153, 1.0429, -0.0098, -0.0422
8.4203, 1.0433, -0.0092, -0.0429
8.4253, 1.0433, -0.0095, -0.0427
8.4303, 1.0428, -0.0102, -0.0429
8.4353, 1.0422, -0.0110, -0.0425
8.4404, 1.0423, -0.0118, -0.0423
8.4454, 1.0418, -0.0121, -0.0415
8.4504, 1.0417, -0.0120, -0.0413
8.4554, 1.0419, -0.0119, -0.0416
8.4604, 1.0420, -0.0113, -0.0417
8.4655, 1.0424, -0.0108, -0.0424
8.4705, 1.0432, -0.0102, -0.0441
8.4755, 1.0442, -0.0098, -0.0453
8.4805, 1.0451, -0.0095, -0.0460
8.4856, 1.0453, -0.0096, -0.0456
8.4906, 1.0448, -0.0100, -0.0452
8.4956, 1.0440, -0.0103, -0.0449
8.5006, 1.0431, -0.0107, -0.0432
8.5056, 1.0424, -0.0109, -0.0409
8.5107, 1.0423, -0.0111, -0.0402
8.5157, 1.0428, -0.0114, -0.0409
8.5207, 1.0432, -0.0111, -0.0418
8.5257, 1.0438, -0.0109, -0.0424
8.5308, 1.0437, -0.0106, -0.0430
8.5358, 1.0433, -0.0104, -0.0440
8.5408, 1.0427, -0.0102, -0.0442
8.5458, 1.0430, -0.0099, -0.0432
8.5509, 1.0433, -0.0099, -0.0425
8.5559, 1.0430, -0.0100, -0.0423
8.5609, 1.0425, -0.0102, -0.0424
8.5659, 1.0422, -0.0103, -0.0422
8.5709, 1.0422, -0.0105, -0.0425
8.5760, 1.0428, -0.0106, -0.0429
8.5810, 1.0432, -0.0103, -0.0433
8.5860, 1.0435, -0.0102, -0.0441
8.5910, 1.0436, -0.0105, -0.0445
8.5961, 1.0433, -0.0108, -0.0453
8.6011, 1.0430, -0.0110, -0.0462
8.6061, 1.0429, -0.0112, -0.0466
8.6111, 1.0430, -0.0114, -0.0461
8.6162, 1.0427, -0.0112, -0.0452
8.6212, 1.0422, -0.0106, -0.0442
8.6262, 1.0420, -0.0101, -0.0438
8.6312, 1.0417, -0.0101, -0.0438
8.6362, 1.0417, -0.0103, -0.0436
8.6413, 1.0423, -0.0107, -0.0433
8.6463, 1.0430, -0.0109, -0.0428
8.6513, 1.0436, -0.0110, -0.0423
8.6563, 1.0439, -0.0106, -0.0425
8.6614, 1.0438, -0.0102, -0.0419
8.6664, 1.0433, -0.0099, -0.0417
8.6714, 1.0429, -0.0098, -0.0412
8.6764, 1.0428, -0.0100, -0.0412
8.6815, 1.0430, -0.0106, -0.0428
8.6865, 1.0432, -0.0111, -0.0436
8.6915, 1.0429, -0.0114, -0.0438
8.6965, 1.0428, -0.0115, -0.0438
8.7015, 1.0427, -0.0115, -0.0442
8.7066, 1.0424, -0.0114, -0.0446
8.7116, 1.0420, -0.0113, -0.0447
8.7166, 1.0417, -0.0110, -0.0447
8.7216, 1.0419, -0.0111, -0.0445
8.7267, 1.0421, -0.0108, -0.0443
8.7317, 1.0423, -0.0108, -0.0441
8.7367, 1.0429, -0.0110, -0.0436
8.7417, 1.0430, -0.0114, -0.0431
8.7468, 1.0431, -0.0117, -0.0429
8.7518, 1.0433, -0.0115, -0.0432
8.7568, 1.0432, -0.0111, -0.0438
8.7618, 1.0424, -0.0107, -0.0443
8.7668, 1.0418, -0.0104, -0.0452
8.7719, 1.0416, -0.0100, -0.0454
8.7769, 1.0413, -0.0099, -0.0453
8.7819, 1.0412, -0.0101, -0.0448
8.7869, 1.0414, -0.0105, -0.0441
8.7920, 1.0418, -0.0106, -0.0432
8.7970, 1.0422, -0.0106, -0.0427
8.8020, 1.0425, -0.0109, -0.0426
8.8070, 1.0427, -0.0111, -0.0425
8.8120, 1.0423, -0.0110, -0.0426
8.8171, 1.0421, -0.0106, -0.0428
8.8221, 1.0421, -0.0104, -0.0427
8.8271, 1.0424, -0.0106, -0.0426
8.8321, 1.0426, -0.0108, -0.0423
8.8371, 1.0424, -0.0111, -0.0419
8.8422, 1.0421, -0.0113, -0.0411
8.8472, 1.0419, -0.0110, -0.0412
8.8522, 1.0415, -0.0107, -0.0417
8.8572, 1.0414, -0.0105, -0.0422
8.8623, 1.0418, -0.0105, -0.0427
8.8673, 1.0417, -0.0104, -0.0434
8.8723, 1.0419, -0.0104, -0.0440
8.8773, 1.0424, -0.0105, -0.0438
8.8824, 1.0427, -0.0101, -0.0431
8.8874, 1.0428, -0.0100, -0.0426
8.8924, 1.0425, -0.0099, -0.0423
8.8974, 1.0422, -0.0098, -0.0416
8.9025, 1.0422, -0.0098, -0.0414
8.9075, 1.0423, -0.0098, -0.0418
8.9125, 1.0426, -0.0101, -0.0425
8.9175, 1.0432, -0.0096, -0.0425
8.9226, 1.0433, -0.0096, -0.0423
8.9276, 1.0428, -0.0096, -0.0429
8.9326, 1.0423, -0.0099, -0.0437
8.9376, 1.0420, -0.0104, -0.0440
8.9427, 1.0420, -0.0109, -0.0440
8.9477, 1.0418, -0.0112, -0.0439
8.9527, 1.0418, -0.0114, -0.0439
8.9577, 1.0418, -0.0114, -0.0440
8.9627, 1.0420, -0.0116, -0.0434
8.9677, 1.0424, -0.0117, -0.0430
8.9728, 1.0426, -0.0120, -0.0435
8.9778, 1.0425, -0.0122, -0.0432
8.9828, 1.0419, -0.0120, -0.0425
8.9878, 1.0418, -0.0117, -0.0423
8.9929, 1.0420, -0.0111, -0.0422
8.9979, 1.0422, -0.0105, -0.0422
9.0029, 1.0423, -0.0104, -0.0426
9.0079, 1.0427, -0.0107, -0.0426
9.0130, 1.0432, -0.0112, -0.0428
9.0180, 1.0437, -0.0117, -0.0429
9.0230, 1.0439, -0.0118, -0.0434
9.0280, 1.0437, -0.0118, -0.0431
9.0331, 1.0437, -0.0115, -0.0430
9.0381, 1.0437, -0.0108, -0.0431
9.0431, 1.0437, -0.0104, -0.0436
9.0481, 1.0436, -0.0105, -0.0439
9.0531, 1.0434, -0.0102, -0.0441
9.0582, 1.0431, -0.0101, -0.0444
9.0632, 1.0429, -0.0101, -0.0451
9.0682, 1.0430, -0.0103, -0.0453
9.0732, 1.0429, -0.0105, -0.0448
9.0782, 1.0430, -0.0103, -0.0441
9.0833, 1.0433, -0.0101, -0.0442
9.0883, 1.0431, -0.0100, -0.0443
9.0933, 1.0428, -0.0099, -0.0442
9.0983, 1.0423, -0.0101, -0.0438
9.1034, 1.0419, -0.0106, -0.0440
9.1084, 1.0420, -0.0110, -0.0437
9.1134, 1.0419, -0.0113, -0.0437
9.1184, 1.0421, -0.0111, -0.0432
9.1234, 1.0422, -0.0106, -0.0429
9.1285, 1.0425, -0.0102, -0.0428
9.1335, 1.0425, -0.0100, -0.0423
9.1385, 1.0424, -0.0100, -0.0420
9.1435, 1.0424, -0.0102, -0.0418
9.1485, 1.0421, -0.0103, -0.0418
9.1536, 1.0423, -0.0102, -0.0428
9.1586, 1.0427, -0.0102, -0.0436
9.1636, 1.0429, -0.0104, -0.0442
9.1686, 1.0431, -0.0104, -0.0444
9.1737, 1.0434, -0.0100, -0.0448
9.1787, 1.0436, -0.0096, -0.0452
9.1837, 1.0438, -0.0095, -0.0455
9.1887, 1.0436, -0.0091, -0.0462
9.1937, 1.0431, -0.0088, -0.0468
9.1988, 1.0428, -0.0087, -0.0464
9.2038, 1.0428, -0.0088, -0.0451
9.2088, 1.0426, -0.0093, -0.0442
9.2138, 1.0423, -0.0095, -0.0439
9.2188, 1.0421, -0.0097, -0.0437
9.2239, 1.0419, -0.0098, -0.0431
9.2289, 1.0420, -0.0102, -0.0434
9.2339, 1.0421, -0.0104, -0.0442
9.2389, 1.0422, -0.0107, -0.0445
9.2439, 1.0424, -0.0111, -0.0447
9.2490, 1.0427, -0.0114, -0.0451
9.2540, 1.0431, -0.0116, -0.0448
9.2590, 1.0433, -0.0117, -0.0445
9.2640, 1.0430, -0.0114, -0.0447
9.2691, 1.0421, -0.0107, -0.0447
9.2741, 1.0414, -0.0102, -0.0440
9.2791, 1.0409, -0.0098, -0.0433
9.2841, 1.0412, -0.0098, -0.0426
9.2891, 1.0422, -0.0104, -0.0421
9.2942, 1.0430, -0.0107, -0.0413
9.2992, 1.0434, -0.0109, -0.0413
9.3042, 1.0429, -0.0113, -0.0412
9.3092, 1.0420, -0.0114, -0.0412
9.3142, 1.0414, -0.0115, -0.0421
9.3193, 1.0412, -0.0118, -0.0435
9.3243, 1.0409, -0.0118, -0.0447
9.3293, 1.0405, -0.0110, -0.0452
9.3343, 1.0406, -0.0107, -0.0453
9.3394, 1.0410, -0.0109, -0.0453
9.3444, 1.0421, -0.0109, -0.0453
9.3494, 1.0429, -0.0111, -0.0455
9.3544, 1.0438, -0.0114, -0.0451
9.3594, 1.0445, -0.0122, -0.0440
9.3645, 1.0442, -0.0127, -0.0427
9.3695, 1.0437, -0.0125, -0.0415
9.3745, 1.0431, -0.0117, -0.0413
9.3795, 1.0427, -0.0113, -0.0413
9.3846, 1.0427, -0.0113, -0.0409
9.3896, 1.0427, -0.0113, -0.0410
9.3946, 1.0426, -0.0114, -0.0417
9.3996, 1.0427, -0.0114, -0.0425
9.4047, 1.0426, -0.0110, -0.0430
9.4097, 1.0428, -0.0103, -0.0434
9.4147, 1.0429, -0.0099, -0.0439
9.4197, 1.0424, -0.0098, -0.0441
9.4247, 1.0419, -0.0098, -0.0438
9.4298, 1.0417, -0.0098, -0.0434
9.4348, 1.0417, -0.0097, -0.0427
9.4398, 1.0414, -0.0096, -0.0422
9.4448, 1.0411, -0.0092, -0.0424
9.4499, 1.0409, -0.0094, -0.0427
9.4549, 1.0407, -0.0101, -0.0432
9.4599, 1.0413, -0.0108, -0.0433
9.4649, 1.0419, -0.0115, -0.0434
9.4699, 1.0428, -0.0114, -0.0441
9.4750, 1.0435, -0.0109, -0.0442
9.4800, 1.0439, -0.0107, -0.0441
9.4850, 1.0438, -0.0104, -0.0440
9.4900, 1.0438, -0.0101, -0.0436
9.4951, 1.0433, -0.0097, -0.0432
9.5001, 1.0426, -0.0091, -0.0431
9.5051, 1.0426, -0.0087, -0.0437
9.5101, 1.0427, -0.0080, -0.0436
9.5152, 1.0429, -0.0079, -0.0437
9.5202, 1.0433, -0.0080, -0.0433
9.5252, 1.0439, -0.0084, -0.0435
9.5302, 1.0442, -0.0094, -0.0443
9.5352, 1.0438, -0.0101, -0.0446
9.5403, 1.0430, -0.0107, -0.0443
9.5453, 1.0422, -0.0109, -0.0434
9.5503, 1.0416, -0.0110, -0.0427
9.5553, 1.0415, -0.0113, -0.0430
9.5604, 1.0418, -0.0115, -0.0434
9.5654, 1.0422, -0.0113, -0.0441
9.5704, 1.0427, -0.0110, -0.0445
9.5754, 1.0427, -0.0109, -0.0442
9.5804, 1.0428, -0.0112, -0.0441
9.5855, 1.0432, -0.0116, -0.0446
9.5905, 1.0438, -0.0115, -0.0450
9.5955, 1.0436, -0.0109, -0.0451
9.6005, 1.0431, -0.0104, -0.0448
9.6056, 1.0422, -0.0101, -0.0450
9.6106, 1.0413, -0.0101, -0.0457
9.6156, 1.0408, -0.0105, -0.0454
9.6206, 1.0412, -0.0111, -0.0447
9.6257, 1.0413, -0.0112, -0.0437
9.6307, 1.0411, -0.0109, -0.0425
9.6357, 1.0412, -0.0108, -0.0418
9.6407, 1.0413, -0.0106, -0.0413
9.6457, 1.0412, -0.0104, -0.0411
9.6508, 1.0409, -0.0102, -0.0417
9.6558, 1.0409, -0.0101, -0.0417
9.6608, 1.0409, -0.0095, -0.0413
9.6658, 1.0414, -0.0091, -0.0415
9.6709, 1.0422, -0.0093, -0.0422
9.6759, 1.0427, -0.0097, -0.0425
9.6809, 1.0423, -0.0100, -0.0421
9.6859, 1.0417, -0.0106, -0.0418
9.6909, 1.0418, -0.0114, -0.0418
9.6960, 1.0422, -0.0119, -0.0413
9.7010, 1.0431, -0.0121, -0.0411
9.7060, 1.0441, -0.0118, -0.0413
9.7110, 1.0446, -0.0119, -0.0418
9.7161, 1.0443, -0.0117, -0.0421
9.7211, 1.0433, -0.0111, -0.0434
9.7261, 1.0420, -0.0107, -0.0441
9.7311, 1.0409, -0.0105, -0.0434
9.7361, 1.0403, -0.0106, -0.0430
9.7412, 1.0403, -0.0111, -0.0426
9.7462, 1.0409, -0.0118, -0.0426
9.7512, 1.0419, -0.0121, -0.0430
9.7562, 1.0424, -0.0119, -0.0426
9.7613, 1.0425, -0.0116, -0.0422
9.7663, 1.0423, -0.0118, -0.0411
9.7713, 1.0417, -0.0115, -0.0415
9.7763, 1.0406, -0.0112, -0.0422
9.7813, 1.0400, -0.0109, -0.0431
9.7864, 1.0403, -0.0103, -0.0434
9.7914, 1.0410, -0.0098, -0.0432
9.7964, 1.0416, -0.0095, -0.0432
9.8014, 1.0422, -0.0093, -0.0432
9.8065, 1.0429, -0.0094, -0.0437
9.8115, 1.0432, -0.0096, -0.0438
9.8165, 1.0437, -0.0097, -0.0436
9.8215, 1.0444, -0.0095, -0.0433
9.8265, 1.0446, -0.0094, -0.0425
9.8316, 1.0442, -0.0094, -0.0422
9.8366, 1.0434, -0.0094, -0.0425
9.8416, 1.0428, -0.0099, -0.0428
9.8466, 1.0420, -0.0103, -0.0430
9.8516, 1.0414, -0.0110, -0.0437
9.8567, 1.0410, -0.0111, -0.0436
9.8617, 1.0412, -0.0113, -0.0437
9.8667, 1.0418, -0.0115, -0.0437
9.8717, 1.0427, -0.0111, -0.0438
9.8767, 1.0437, -0.0103, -0.0443
9.8818, 1.0449, -0.0102, -0.0445
9.8868, 1.0452, -0.0105, -0.0451
9.8918, 1.0449, -0.0108, -0.0461
9.8968, 1.0447, -0.0108, -0.0470
9.9019, 1.0437, -0.0107, -0.0468
9.9069, 1.0420, -0.0107, -0.0461
9.9119, 1.0408, -0.0110, -0.0454
9.9169, 1.0400, -0.0112, -0.0447
9.9219, 1.0398, -0.0113, -0.0442
9.9270, 1.0399, -0.0113, -0.0441
9.9320, 1.0402, -0.0114, -0.0440
9.9370, 1.0407, -0.0113, -0.0435
9.9420, 1.0411, -0.0112, -0.0436
9.9471, 1.0417, -0.0108, -0.0444
9.9521, 1.0417, -0.0108, -0.0455
9.9571, 1.0425, -0.0108, -0.0462
9.9621, 1.0433, -0.0110, -0.0467
9.9672, 1.0438, -0.0109, -0.0470
9.9722, 1.0437, -0.0108, -0.0464
9.9772, 1.0431, -0.0104, -0.0450
9.9822, 1.0433, -0.0102, -0.0440
9.9872, 1.0435, -0.0101, -0.0439
9.9923, 1.0436, -0.0101, -0.0443
9.9973, 1.0437, -0.0098, -0.0445
10.0023, 1.0435, -0.0095, -0.0446
10.0073, 1.0431, -0.0094, -0.0447
10.0124, 1.0426, -0.0096, -0.0444
10.0174, 1.0424, -0.0101, -0.0432
10.0224, 1.0420, -0.0105, -0.0414
10.0274, 1.0413, -0.0112, -0.0403
10.0325, 1.0408, -0.0116, -0.0397
10.0375, 1.0407, -0.0117, -0.0391
10.0425, 1.0409, -0.0116, -0.0393
10.0475, 1.0414, -0.0116, -0.0395
10.0525, 1.0422, -0.0114, -0.0409
10.0576, 1.0429, -0.0113, -0.0426
10.0626, 1.0437, -0.0114, -0.0431
10.0676, 1.0445, -0.0115, -0.0431
10.0726, 1.0446, -0.0119, -0.0432
10.0777, 1.0442, -0.0123, -0.0432
10.0827, 1.0434, -0.0126, -0.0431
10.0877, 1.0423, -0.0125, -0.0433
10.0927, 1.0417, -0.0120, -0.0426
10.0978, 1.0414, -0.0121, -0.0418
10.1028, 1.0416, -0.0120, -0.0417
10.1078, 1.0423, -0.0121, -0.0418
10.1128, 1.0431, -0.0117, -0.0419
10.1179, 1.0431, -0.0113, -0.0419
10.1229, 1.0424, -0.0107, -0.0425
10.1279, 1.0419, -0.0103, -0.0436
10.1329, 1.0417, -0.0103, -0.0450
10.1379, 1.0415, -0.0103, -0.0460
10.1430, 1.0418, -0.0101, -0.0458
10.1480, 1.0422, -0.0097, -0.0455
10.1530, 1.0427, -0.0096, -0.0445
10.1580, 1.0429, -0.0097, -0.0434
10.1630, 1.0431, -0.0099, -0.0423
10.1681, 1.0428, -0.0102, -0.0420
10.1731, 1.0425, -0.0103, -0.0421
10.1781, 1.0425, -0.0102, -0.0425
10.1831, 1.0425, -0.0099, -0.0431
10.1882, 1.0428, -0.0102, -0.0437
10.1932, 1.0432, -0.0105, -0.0442
10.1982, 1.0432, -0.0109, -0.0449
10.2032, 1.0429, -0.0109, -0.0451
10.2082, 1.0425, -0.0107, -0.0446
10.2133, 1.0422, -0.0105, -0.0436
10.2183, 1.0418, -0.0106, -0.0427
10.2233, 1.0417, -0.0106, -0.0432
10.2283, 1.0414, -0.0104, -0.0438
10.2334, 1.0411, -0.0102, -0.0442
10.2384, 1.0409, -0.0101, -0.0442
10.2434, 1.0408, -0.0105, -0.0439
10.2484, 1.0408, -0.0108, -0.0439
10.2535, 1.0414, -0.0107, -0.0443
10.2585, 1.0416, -0.0109, -0.0444
10.2635, 1.0420, -0.0113, -0.0435
10.2685, 1.0424, -0.0120, -0.0435
10.2736, 1.0432, -0.0125, -0.0436
10.2786, 1.0436, -0.0121, -0.0429
10.2836, 1.0434, -0.0117, -0.0428
10.2886, 1.0431, -0.0117, -0.0431
10.2937, 1.0429, -0.0116, -0.0437
10.2987, 1.0424, -0.0114, -0.0433
10.3037, 1.0421, -0.0111, -0.0437
10.3087, 1.0420, -0.0110, -0.0437
10.3137, 1.0416, -0.0114, -0.0439
10.3188, 1.0410, -0.0116, -0.0442
10.3238, 1.0407, -0.0116, -0.0441
10.3288, 1.0410, -0.0110, -0.0437
10.3338, 1.0413, -0.0108, -0.0431
10.3389, 1.0417, -0.0105, -0.0430
10.3439, 1.0424, -0.0103, -0.0425
10.3489, 1.0430, -0.0102, -0.0421
10.3539, 1.0434, -0.0101, -0.0420
10.3589, 1.0435, -0.0099, -0.0424
10.3640, 1.0437, -0.0097, -0.0423
10.3690, 1.0434, -0.0101, -0.0420
10.3740, 1.0431, -0.0104, -0.0423
10.3790, 1.0428, -0.0107, -0.0426
10.3841, 1.0428, -0.0105, -0.0425
10.3891, 1.0426, -0.0102, -0.0431
10.3941, 1.0423, -0.0102, -0.0441
10.3991, 1.0424, -0.0105, -0.0440
10.4041, 1.0428, -0.0106, -0.0437
10.4092, 1.0431, -0.0107, -0.0436
10.4142, 1.0431, -0.0105, -0.0433
10.4192, 1.0430, -0.0106, -0.0433
10.4242, 1.0428, -0.0107, -0.0428
10.4293, 1.0426, -0.0105, -0.0422
10.4343, 1.0425, -0.0102, -0.0417
10.4393, 1.0425, -0.0104, -0.0416
10.4443, 1.0429, -0.0105, -0.0416
10.4494, 1.0435, -0.0103, -0.0415
10.4544, 1.0441, -0.0105, -0.0420
10.4594, 1.0443, -0.0107, -0.0420
10.4644, 1.0437, -0.0104, -0.0415
10.4694, 1.0429, -0.0103, -0.0416
10.4745, 1.0421, -0.0103, -0.0414
10.4795, 1.0414, -0.0102, -0.0412
10.4845, 1.0405, -0.0100, -0.0418
10.4895, 1.0406, -0.0096, -0.0426
10.4946, 1.0410, -0.0097, -0.0429
10.4996, 1.0414, -0.0099, -0.0425
10.5046, 1.0419, -0.0099, -0.0432
10.5096, 1.0424, -0.0101, -0.0443
10.5147, 1.0428, -0.0099, -0.0455
10.5197, 1.0429, -0.0099, -0.0458
10.5247, 1.0425, -0.0098, -0.0454
10.5297, 1.0418, -0.0099, -0.0449
10.5347, 1.0413, -0.0102, -0.0442
10.5398, 1.0410, -0.0103, -0.0432
10.5448, 1.0408, -0.0097, -0.0428
10.5498, 1.0407, -0.0098, -0.0429
10.5548, 1.0405, -0.0102, -0.0430
10.5599, 1.0408, -0.0105, -0.0428
10.5649, 1.0414, -0.0107, -0.0428
10.5699, 1.0421, -0.0107, -0.0434
10.5749, 1.0430, -0.0108, -0.0438
10.5799, 1.0434, -0.0112, -0.0434
10.5850, 1.0435, -0.0113, -0.0436
10.5900, 1.0434, -0.0115, -0.0438
10.5950, 1.0432, -0.0118, -0.0442
10.6000, 1.0425, -0.0121, -0.0446
10.6051, 1.0418, -0.0121, -0.0446
10.6101, 1.0411, -0.0118, -0.0441
10.6151, 1.0405, -0.0113, -0.0437
10.6201, 1.0406, -0.0112, -0.0432
10.6251, 1.0411, -0.0111, -0.0432
10.6302, 1.0418, -0.0109, -0.0434
10.6352, 1.0422, -0.0109, -0.0440
10.6402, 1.0422, -0.0107, -0.0449
10.6452, 1.0422, -0.0106, -0.0448
10.6502, 1.0425, -0.0107, -0.0446
10.6553, 1.0425, -0.0110, -0.0445
10.6603, 1.0419, -0.0109, -0.0443
10.6653, 1.0413, -0.0105, -0.0440
10.6703, 1.0413, -0.0102, -0.0439
10.6754, 1.0421, -0.0095, -0.0443
10.6804, 1.0430, -0.0090, -0.0449
10.6854, 1.0433, -0.0090, -0.0453
10.6904, 1.0433, -0.0092, -0.0458
10.6955, 1.0429, -0.0094, -0.0454
10.7005, 1.0430, -0.0094, -0.0447
10.7055, 1.0430, -0.0093, -0.0439
10.7105, 1.0425, -0.0092, -0.0431
10.7156, 1.0415, -0.0094, -0.0423
10.7206, 1.0408, -0.0095, -0.0420
10.7256, 1.0402, -0.0098, -0.0426
10.7306, 1.0394, -0.0099, -0.0425
10.7357, 1.0394, -0.0099, -0.0421
10.7407, 1.0399, -0.0103, -0.0420
10.7457, 1.0409, -0.0110, -0.0421
10.7507, 1.0429, -0.0114, -0.0423
10.7558, 1.0440, -0.0114, -0.0427
10.7608, 1.0446, -0.0111, -0.0427
10.7658, 1.0447, -0.0106, -0.0418
10.7708, 1.0440, -0.0101, -0.0410
10.7759, 1.0426, -0.0101, -0.0411
10.7809, 1.0418, -0.0105, -0.0421
10.7859, 1.0421, -0.0111, -0.0429
10.7909, 1.0426, -0.0113, -0.0431
10.7959, 1.0427, -0.0114, -0.0434
10.8010, 1.0425, -0.0113, -0.0437
10.8060, 1.0429, -0.0112, -0.0438
10.8110, 1.0427, -0.0109, -0.0439
10.8160, 1.0425, -0.0103, -0.0438
10.8211, 1.0423, -0.0097, -0.0441
10.8261, 1.0424, -0.0094, -0.0441
10.8311, 1.0424, -0.0096, -0.0439
10.8361, 1.0421, -0.0100, -0.0438
10.8412, 1.0421, -0.0106, -0.0437
10.8462, 1.0423, -0.0112, -0.0441
10.8512, 1.0427, -0.0114, -0.0447
10.8562, 1.0428, -0.0113, -0.0452
10.8612, 1.0424, -0.0112, -0.0450
10.8663, 1.0428, -0.0110, -0.0445
10.8713, 1.0427, -0.0108, -0.0441
10.8763, 1.0424, -0.0105, -0.0441
10.8813, 1.0423, -0.0102, -0.0443
10.8864, 1.0424, -0.0099, -0.0451
10.8914, 1.0424, -0.0099, -0.0454
10.8964, 1.0423, -0.0106, -0.0455
10.9014, 1.0423, -0.0110, -0.0448
10.9064, 1.0422, -0.0116, -0.0442
10.9115, 1.0420, -0.0121, -0.0433
10.9165, 1.0423, -0.0122, -0.0428
10.9215, 1.0426, -0.0116, -0.0427
10.9265, 1.0427, -0.0112, -0.0424
10.9316, 1.0428, -0.0112, -0.0426
10.9366, 1.0422, -0.0114, -0.0429
10.9416, 1.0419, -0.0115, -0.0428
10.9466, 1.0416, -0.0118, -0.0419
10.9516, 1.0414, -0.0120, -0.0413
10.9567, 1.0415, -0.0118, -0.0412
10.9617, 1.0422, -0.0118, -0.0408
10.9667, 1.0431, -0.0116, -0.0410
10.9717, 1.0437, -0.0112, -0.0418
10.9768, 1.0439, -0.0104, -0.0437
10.9818, 1.0439, -0.0100, -0.0454
10.9868, 1.0434, -0.0097, -0.0459
10.9918, 1.0430, -0.0095, -0.0451
10.9969, 1.0426, -0.0096, -0.0440
11.0019, 1.0422, -0.0098, -0.0431
11.0069, 1.0425, -0.0101, -0.0429
11.0119, 1.0431, -0.0105, -0.0434
11.0169, 1.0433, -0.0108, -0.0425
11.0220, 1.0432, -0.0111, -0.0417
11.0270, 1.0429, -0.0114, -0.0412
11.0320, 1.0422, -0.0114, -0.0418
11.0370, 1.0414, -0.0116, -0.0426
11.0421, 1.0404, -0.0116, -0.0432
11.0471, 1.0397, -0.0114, -0.0444
11.0521, 1.0393, -0.0113, -0.0448
11.0571, 1.0399, -0.0108, -0.0448
11.0622, 1.0414, -0.0107, -0.0449
11.0672, 1.0434, -0.0108, -0.0446
11.0722, 1.0451, -0.0111, -0.0444
11.0772, 1.0466, -0.0118, -0.0444
11.0823, 1.0471, -0.0123, -0.0443
11.0873, 1.0466, -0.0129, -0.0440
11.0923, 1.0450, -0.0131, -0.0444
11.0973, 1.0428, -0.0130, -0.0447
11.1024, 1.0406, -0.0123, -0.0447
11.1074, 1.0386, -0.0117, -0.0441
11.1124, 1.0373, -0.0113, -0.0437
11.1174, 1.0368, -0.0110, -0.0431
11.1224, 1.0367, -0.0111, -0.0430
11.1275, 1.0376, -0.0108, -0.0425
11.1325, 1.0390, -0.0104, -0.0425
11.1375, 1.0407, -0.0100, -0.0424
11.1425, 1.0425, -0.0098, -0.0420
11.1476, 1.0437, -0.0099, -0.0423
11.1526, 1.0450, -0.0098, -0.0430
11.1576, 1.0456, -0.0098, -0.0434
11.1626, 1.0459, -0.0101, -0.0434
11.1677, 1.0455, -0.0107, -0.0437
11.1727, 1.0440, -0.0107, -0.0436
11.1777, 1.0429, -0.0107, -0.0428
11.1827, 1.0426, -0.0111, -0.0416
11.1877, 1.0430, -0.0111, -0.0406
11.1928, 1.0439, -0.0111, -0.0413
11.1978, 1.0443, -0.0111, -0.0425
11.2028, 1.0441, -0.0108, -0.0434
11.2078, 1.0435, -0.0106, -0.0434
11.2129, 1.0427, -0.0110, -0.0431
11.2179, 1.0416, -0.0112, -0.0429
11.2229, 1.0414, -0.0117, -0.0429
11.2279, 1.0418, -0.0119, -0.0426
11.2330, 1.0420, -0.0121, -0.0422
11.2380, 1.0425, -0.0125, -0.0417
11.2430, 1.0430, -0.0125, -0.0417
11.2480, 1.0432, -0.0123, -0.0421
11.2530, 1.0431, -0.0119, -0.0425
11.2581, 1.0433, -0.0115, -0.0433
11.2631, 1.0439, -0.0113, -0.0439
11.2681, 1.0438, -0.0112, -0.0441
11.2731, 1.0429, -0.0113, -0.0446
11.2781, 1.0421, -0.0111, -0.0448
11.2832, 1.0415, -0.0112, -0.0450
11.2882, 1.0413, -0.0111, -0.0450
11.2932, 1.0413, -0.0106, -0.0441
11.2982, 1.0411, -0.0100, -0.0429
11.3033, 1.0409, -0.0091, -0.0424
11.3083, 1.0406, -0.0087, -0.0417
11.3133, 1.0406, -0.0087, -0.0416
11.3183, 1.0409, -0.0089, -0.0422
11.3234, 1.0416, -0.0091, -0.0426
11.3284, 1.0421, -0.0092, -0.0427
11.3334, 1.0421, -0.0091, -0.0437
11.3384, 1.0419, -0.0095, -0.0447
11.3435, 1.0419, -0.0098, -0.0450
11.3485, 1.0421, -0.0100, -0.0452
11.3535, 1.0420, -0.0102, -0.0446
11.3585, 1.0424, -0.0104, -0.0438
11.3636, 1.0427, -0.0109, -0.0433
11.3686, 1.0429, -0.0113, -0.0436
11.3736, 1.0433, -0.0111, -0.0440
11.3786, 1.0436, -0.0104, -0.0438
11.3836, 1.0436, -0.0097, -0.0446
11.3887, 1.0434, -0.0095, -0.0447
11.3937, 1.0431, -0.0093, -0.0442
11.3987, 1.0430, -0.0093, -0.0440
11.4037, 1.0426, -0.0097, -0.0438
11.4088, 1.0420, -0.0098, -0.0434
11.4138, 1.0416, -0.0101, -0.0439
11.4188, 1.0413, -0.0105, -0.0443
11.4238, 1.0410, -0.0109, -0.0445
11.4289, 1.0410, -0.0115, -0.0437
11.4339, 1.0418, -0.0115, -0.0429
11.4389, 1.0428, -0.0115, -0.0423
11.4439, 1.0434, -0.0109, -0.0425
11.4489, 1.0440, -0.0106, -0.0424
11.4540, 1.0443, -0.0105, -0.0426
11.4590, 1.0444, -0.0106, -0.0432
11.4640, 1.0441, -0.0107, -0.0439
11.4690, 1.0437, -0.0102, -0.0445
11.4741, 1.0432, -0.0100, -0.0446
11.4791, 1.0422, -0.0099, -0.0442
11.4841, 1.0412, -0.0101, -0.0436
11.4891, 1.0406, -0.0103, -0.0432
11.4941, 1.0402, -0.0104, -0.0429
11.4992, 1.0404, -0.0111, -0.0423
11.5042, 1.0412, -0.0121, -0.0429
11.5092, 1.0422, -0.0125, -0.0438
11.5142, 1.0425, -0.0126, -0.0446
11.5193, 1.0425, -0.0124, -0.0450
11.5243, 1.0426, -0.0125, -0.0446
11.5293, 1.0428, -0.0127, -0.0438
11.5343, 1.0429, -0.0123, -0.0437
11.5393, 1.0427, -0.0118, -0.0442
11.5444, 1.0426, -0.0112, -0.0442
11.5494, 1.0428, -0.0111, -0.0434
11.5544, 1.0426, -0.0109, -0.0429
11.5594, 1.0425, -0.0107, -0.0429
11.5645, 1.0420, -0.0102, -0.0433
11.5695, 1.0413, -0.0097, -0.0436
11.5745, 1.0412, -0.0089, -0.0440
11.5795, 1.0415, -0.0088, -0.0452
11.5846, 1.0416, -0.0093, -0.0454
11.5896, 1.0418, -0.0098, -0.0452
11.5946, 1.0419, -0.0102, -0.0450
11.5996, 1.0417, -0.0103, -0.0444
11.6047, 1.0416, -0.0109, -0.0440
11.6097, 1.0414, -0.0112, -0.0439
11.6147, 1.0417, -0.0111, -0.0438
11.6197, 1.0421, -0.0108, -0.0443
11.6248, 1.0422, -0.0107, -0.0444
11.6298, 1.0423, -0.0107, -0.0440
11.6348, 1.0426, -0.0110, -0.0430
11.6398, 1.0426, -0.0116, -0.0420
11.6448, 1.0428, -0.0119, -0.0416
11.6499, 1.0430, -0.0118, -0.0423
11.6549, 1.0430, -0.0117, -0.0434
11.6599, 1.0435, -0.0115, -0.0444
11.6649, 1.0439, -0.0115, -0.0443
11.6700, 1.0436, -0.0114, -0.0445
11.6750, 1.0431, -0.0113, -0.0450
11.6800, 1.0418, -0.0109, -0.0445
11.6850, 1.0406, -0.0101, -0.0441
11.6901, 1.0398, -0.0094, -0.0437
11.6951, 1.0397, -0.0091, -0.0437
11.7001, 1.0399, -0.0093, -0.0444
11.7051, 1.0404, -0.0101, -0.0450
11.7102, 1.0410, -0.0109, -0.0448
11.7152, 1.0415, -0.0114, -0.0440
11.7202, 1.0418, -0.0114, -0.0437
11.7252, 1.0419, -0.0110, -0.0435
11.7303, 1.0423, -0.0109, -0.0439
11.7353, 1.0428, -0.0108, -0.0442
11.7403, 1.0434, -0.0109, -0.0444
11.7453, 1.0435, -0.0112, -0.0444
11.7503, 1.0432, -0.0113, -0.0448
11.7554, 1.0425, -0.0115, -0.0455
11.7604, 1.0420, -0.0117, -0.0451
11.7654, 1.0417, -0.0119, -0.0443
11.7704, 1.0415, -0.0117, -0.0436
11.7755, 1.0416, -0.0116, -0.0433
11.7805, 1.0420, -0.0120, -0.0432
11.7855, 1.0422, -0.0120, -0.0434
11.7905, 1.0420, -0.0118, -0.0437
11.7955, 1.0420, -0.0115, -0.0442
11.8006, 1.0420, -0.0109, -0.0444
11.8056, 1.0418, -0.0106, -0.0436
11.8106, 1.0418, -0.0105, -0.0438
11.8156, 1.0422, -0.0106, -0.0440
11.8207, 1.0423, -0.0109, -0.0443
11.8257, 1.0424, -0.0107, -0.0448
11.8307, 1.0426, -0.0104, -0.0450
11.8357, 1.0431, -0.0100, -0.0448
11.8407, 1.0432, -0.0099, -0.0451
11.8458, 1.0431, -0.0102, -0.0448
11.8508, 1.0427, -0.0107, -0.0447
11.8558, 1.0425, -0.0112, -0.0444
11.8608, 1.0423, -0.0117, -0.0433
11.8659, 1.0420, -0.0118, -0.0423
11.8709, 1.0423, -0.0116, -0.0431
11.8759, 1.0423, -0.0114, -0.0445
11.8809, 1.0423, -0.0113, -0.0456
11.8860, 1.0427, -0.0108, -0.0463
11.8910, 1.0430, -0.0103, -0.0461
11.8960, 1.0430, -0.0100, -0.0456
11.9010, 1.0425, -0.0094, -0.0445
11.9060, 1.0424, -0.0091, -0.0439
11.9111, 1.0423, -0.0092, -0.0437
11.9161, 1.0421, -0.0094, -0.0435
11.9211, 1.0423, -0.0098, -0.0436
11.9261, 1.0426, -0.0101, -0.0442
11.9311, 1.0424, -0.0101, -0.0442
11.9362, 1.0424, -0.0100, -0.0445
11.9412, 1.0428, -0.0102, -0.0445
11.9462, 1.0430, -0.0105, -0.0446
11.9512, 1.0428, -0.0105, -0.0441
11.9563, 1.0423, -0.0104, -0.0434
11.9613, 1.0425, -0.0103, -0.0431
11.9663, 1.0430, -0.0103, -0.0430
11.9713, 1.0429, -0.0109, -0.0428
11.9763, 1.0426, -0.0113, -0.0429
11.9814, 1.0425, -0.0120, -0.0424
11.9864, 1.0427, -0.0121, -0.0421
11.9914, 1.0430, -0.0117, -0.0424
11.9964, 1.0431, -0.0112, -0.0423
12.0015, 1.0432, -0.0111, -0.0421
12.0065, 1.0434, -0.0110, -0.0419
12.0115, 1.0431, -0.0105, -0.0426
12.0165, 1.0431, -0.0103, -0.0433
12.0216, 1.0428, -0.0102, -0.0429
12.0266, 1.0424, -0.0098, -0.0426
12.0316, 1.0423, -0.0093, -0.0420
12.0366, 1.0426, -0.0088, -0.0416
12.0416, 1.0425, -0.0087, -0.0424
12.0467, 1.0421, -0.0089, -0.0432
12.0517, 1.0420, -0.0095, -0.0439
12.0567, 1.0419, -0.0100, -0.0452
12.0617, 1.0418, -0.0106, -0.0452
12.0668, 1.0418, -0.0110, -0.0448
12.0718, 1.0419, -0.0111, -0.0448
12.0768, 1.0419, -0.0108, -0.0446
12.0818, 1.0421, -0.0108, -0.0447
12.0869, 1.0421, -0.0107, -0.0455
12.0919, 1.0426, -0.0108, -0.0456
12.0969, 1.0431, -0.0108, -0.0454
12.1019, 1.0433, -0.0106, -0.0454
12.1070, 1.0434, -0.0110, -0.0456
12.1120, 1.0435, -0.0117, -0.0456
12.1170, 1.0436, -0.0120, -0.0450
12.1220, 1.0431, -0.0118, -0.0446
12.1271, 1.0423, -0.0112, -0.0446
12.1321, 1.0420, -0.0108, -0.0443
12.1371, 1.0422, -0.0104, -0.0442
12.1421, 1.0424, -0.0100, -0.0441
12.1471, 1.0422, -0.0100, -0.0439
12.1522, 1.0420, -0.0103, -0.0436
12.1572, 1.0424, -0.0105, -0.0433
12.1622, 1.0427, -0.0108, -0.0438
12.1672, 1.0431, -0.0110, -0.0439
12.1723, 1.0437, -0.0110, -0.0439
12.1773, 1.0444, -0.0114, -0.0442
12.1823, 1.0445, -0.0119, -0.0439
12.1873, 1.0443, -0.0122, -0.0432
12.1923, 1.0439, -0.0120, -0.0427
12.1974, 1.0437, -0.0122, -0.0431
12.2024, 1.0432, -0.0118, -0.0432
12.2074, 1.0426, -0.0113, -0.0439
12.2124, 1.0422, -0.0112, -0.0448
12.2175, 1.0422, -0.0113, -0.0453
12.2225, 1.0427, -0.0114, -0.0460
12.2275, 1.0431, -0.0111, -0.0467
12.2325, 1.0436, -0.0105, -0.0464
12.2376, 1.0438, -0.0102, -0.0454
12.2426, 1.0442, -0.0103, -0.0440
12.2476, 1.0445, -0.0103, -0.0426
12.2526, 1.0442, -0.0100, -0.0417
12.2577, 1.0435, -0.0099, -0.0419
12.2627, 1.0429, -0.0105, -0.0430
12.2677, 1.0421, -0.0110, -0.0441
12.2727, 1.0417, -0.0114, -0.0452
12.2777, 1.0417, -0.0112, -0.0462
12.2828, 1.0417, -0.0113, -0.0473
12.2878, 1.0416, -0.0114, -0.0473
12.2928, 1.0418, -0.0114, -0.0471
12.2978, 1.0423, -0.0111, -0.0467
12.3029, 1.0427, -0.0111, -0.0453
12.3079, 1.0427, -0.0109, -0.0440
12.3129, 1.0426, -0.0103, -0.0437
12.3179, 1.0430, -0.0102, -0.0440
12.3230, 1.0436, -0.0103, -0.0439
12.3280, 1.0440, -0.0104, -0.0437
12.3330, 1.0441, -0.0104, -0.0436
12.3380, 1.0433, -0.0104, -0.0438
12.3430, 1.0428, -0.0106, -0.0435
12.3481, 1.0429, -0.0106, -0.0434
12.3531, 1.0427, -0.0109, -0.0438
12.3581, 1.0422, -0.0109, -0.0446
12.3631, 1.0419, -0.0110, -0.0453
12.3681, 1.0414, -0.0111, -0.0456
12.3732, 1.0412, -0.0109, -0.0452
12.3782, 1.0410, -0.0106, -0.0448
12.3832, 1.0412, -0.0103, -0.0447
12.3882, 1.0412, -0.0103, -0.0446
12.3933, 1.0410, -0.0105, -0.0446
12.3983, 1.0413, -0.0107, -0.0446
12.4033, 1.0413, -0.0106, -0.0443
12.4083, 1.0411, -0.0105, -0.0440
12.4134, 1.0415, -0.0107, -0.0440
12.4184, 1.0421, -0.0106, -0.0438
12.4234, 1.0424, -0.0106, -0.0440
12.4284, 1.0428, -0.0106, -0.0439
12.4334, 1.0425, -0.0107, -0.0439
12.4385, 1.0421, -0.0111, -0.0439
12.4435, 1.0424, -0.0115, -0.0437
12.4485, 1.0422, -0.0118, -0.0437
12.4535, 1.0418, -0.0120, -0.0438
12.4585, 1.0412, -0.0118, -0.0436
12.4636, 1.0410, -0.0117, -0.0433
12.4686, 1.0410, -0.0117, -0.0430
12.4736, 1.0409, -0.0117, -0.0426
12.4786, 1.0410, -0.0113, -0.0427
12.4837, 1.0412, -0.0108, -0.0430
12.4887, 1.0414, -0.0100, -0.0427
12.4937, 1.0411, -0.0094, -0.0425
12.4987, 1.0409, -0.0093, -0.0429
12.5038, 1.0410, -0.0093, -0.0429
12.5088, 1.0415, -0.0094, -0.0423
12.5138, 1.0422, -0.0094, -0.0419
12.5188, 1.0429, -0.0101, -0.0417
12.5238, 1.0438, -0.0108, -0.0413
12.5289, 1.0443, -0.0111, -0.0412
12.5339, 1.0443, -0.0113, -0.0418
12.5389, 1.0442, -0.0111, -0.0423
12.5439, 1.0444, -0.0108, -0.0429
12.5489, 1.0443, -0.0109, -0.0436
12.5540, 1.0436, -0.0111, -0.0447
12.5590, 1.0430, -0.0110, -0.0462
12.5640, 1.0424, -0.0111, -0.0469
12.5690, 1.0417, -0.0110, -0.0471
12.5741, 1.0412, -0.0107, -0.0464
12.5791, 1.0411, -0.0104, -0.0457
12.5841, 1.0412, -0.0103, -0.0453
12.5891, 1.0412, -0.0108, -0.0448
12.5942, 1.0413, -0.0111, -0.0433
12.5992, 1.0417, -0.0110, -0.0431
12.6042, 1.0420, -0.0109, -0.0435
12.6092, 1.0419, -0.0109, -0.0441
12.6143, 1.0415, -0.0106, -0.0440
12.6193, 1.0415, -0.0103, -0.0436
12.6243, 1.0415, -0.0101, -0.0442
12.6293, 1.0415, -0.0097, -0.0445
12.6344, 1.0416, -0.0094, -0.0449
12.6394, 1.0420, -0.0100, -0.0454
12.6444, 1.0418, -0.0108, -0.0457
12.6494, 1.0418, -0.0109, -0.0459
12.6544, 1.0423, -0.0107, -0.0459
12.6595, 1.0424, -0.0102, -0.0457
12.6645, 1.0420, -0.0093, -0.0455
12.6695, 1.0412, -0.0092, -0.0455
12.6745, 1.0410, -0.0094, -0.0460
12.6796, 1.0408, -0.0094, -0.0460
12.6846, 1.0405, -0.0094, -0.0453
12.6896, 1.0403, -0.0096, -0.0451
12.6946, 1.0401, -0.0100, -0.0444
12.6996, 1.0399, -0.0102, -0.0441
12.7047, 1.0401, -0.0104, -0.0440
12.7097, 1.0406, -0.0104, -0.0439
12.7147, 1.0416, -0.0109, -0.0438
12.7197, 1.0429, -0.0113, -0.0434
12.7248, 1.0443, -0.0114, -0.0431
12.7298, 1.0452, -0.0115, -0.0432
12.7348, 1.0454, -0.0121, -0.0439
12.7398, 1.0448, -0.0128, -0.0450
12.7449, 1.0438, -0.0131, -0.0459
12.7499, 1.0433, -0.0129, -0.0466
12.7549, 1.0427, -0.0125, -0.0456
12.7599, 1.0422, -0.0120, -0.0447
12.7650, 1.0422, -0.0116, -0.0441
12.7700, 1.0422, -0.0116, -0.0440
12.7750, 1.0425, -0.0118, -0.0441
12.7800, 1.0429, -0.0120, -0.0441
12.7850, 1.0432, -0.0118, -0.0437
12.7901, 1.0430, -0.0116, -0.0428
12.7951, 1.0425, -0.0114, -0.0420
12.8001, 1.0422, -0.0115, -0.0413
12.8051, 1.0421, -0.0116, -0.0413
12.8102, 1.0418, -0.0113, -0.0415
12.8152, 1.0417, -0.0110, -0.0423
12.8202, 1.0416, -0.0108, -0.0425
12.8252, 1.0418, -0.0108, -0.0422
12.8302, 1.0419, -0.0109, -0.0419
12.8353, 1.0421, -0.0105, -0.0432
12.8403, 1.0424, -0.0101, -0.0446
12.8453, 1.0423, -0.0101, -0.0455
12.8503, 1.0423, -0.0105, -0.0455
12.8554, 1.0423, -0.0109, -0.0449
12.8604, 1.0421, -0.0115, -0.0443
12.8654, 1.0418, -0.0120, -0.0436
12.8704, 1.0418, -0.0121, -0.0436
12.8755, 1.0416, -0.0117, -0.0428
12.8805, 1.0420, -0.0115, -0.0419
12.8855, 1.0419, -0.0114, -0.0416
12.8905, 1.0421, -0.0111, -0.0419
12.8956, 1.0427, -0.0108, -0.0428
12.9006, 1.0430, -0.0109, -0.0433
12.9056, 1.0428, -0.0110, -0.0438
12.9106, 1.0426, -0.0111, -0.0437
12.9157, 1.0425, -0.0107, -0.0433
12.9207, 1.0428, -0.0105, -0.0432
12.9257, 1.0432, -0.0102, -0.0433
12.9307, 1.0431, -0.0099, -0.0435
12.9358, 1.0430, -0.0100, -0.0433
12.9408, 1.0428, -0.0103, -0.0433
12.9458, 1.0424, -0.0108, -0.0439
12.9508, 1.0419, -0.0114, -0.0448
12.9559, 1.0418, -0.0116, -0.0457
12.9609, 1.0416, -0.0120, -0.0453
12.9659, 1.0409, -0.0118, -0.0449
12.9709, 1.0406, -0.0112, -0.0447
12.9759, 1.0400, -0.0110, -0.0451
12.9810, 1.0397, -0.0105, -0.0454
12.9860, 1.0396, -0.0100, -0.0449
12.9910, 1.0400, -0.0094, -0.0443
12.9960, 1.0403, -0.0094, -0.0438
13.0011, 1.0408, -0.0101, -0.0435
13.0061, 1.0415, -0.0107, -0.0438
13.0111, 1.0419, -0.0113, -0.0447
13.0161, 1.0419, -0.0114, -0.0453
13.0212, 1.0417, -0.0111, -0.0451
13.0262, 1.0414, -0.0109, -0.0444
13.0312, 1.0417, -0.0106, -0.0435
13.0362, 1.0420, -0.0102, -0.0430
13.0413, 1.0422, -0.0103, -0.0428
13.0463, 1.0424, -0.0110, -0.0427
13.0513, 1.0425, -0.0114, -0.0425
13.0563, 1.0425, -0.0115, -0.0423
13.0613, 1.0424, -0.0119, -0.0426
13.0664, 1.0421, -0.0120, -0.0431
13.0714, 1.0419, -0.0116, -0.0436
13.0764, 1.0420, -0.0114, -0.0439
13.0814, 1.0421, -0.0112, -0.0445
13.0864, 1.0421, -0.0108, -0.0445
13.0915, 1.0425, -0.0105, -0.0445
13.0965, 1.0425, -0.0103, -0.0439
13.1015, 1.0424, -0.0103, -0.0434
13.1065, 1.0423, -0.0104, -0.0428
13.1116, 1.0420, -0.0105, -0.0427
13.1166, 1.0418, -0.0102, -0.0420
13.1216, 1.0418, -0.0099, -0.0417
13.1266, 1.0417, -0.0095, -0.0426
13.1316, 1.0418, -0.0096, -0.0438
13.1367, 1.0421, -0.0097, -0.0448
13.1417, 1.0423, -0.0095, -0.0455
13.1467, 1.0427, -0.0095, -0.0462
13.1517, 1.0428, -0.0098, -0.0463
13.1568, 1.0430, -0.0101, -0.0460
13.1618, 1.0428, -0.0103, -0.0461
13.1668, 1.0423, -0.0101, -0.0461
13.1718, 1.0419, -0.0100, -0.0464
13.1769, 1.0412, -0.0105, -0.0463
13.1819, 1.0408, -0.0113, -0.0456
13.1869, 1.0405, -0.0117, -0.0449
13.1919, 1.0400, -0.0114, -0.0444
13.1970, 1.0398, -0.0109, -0.0437
13.2020, 1.0405, -0.0103, -0.0429
13.2070, 1.0409, -0.0100, -0.0427
13.2120, 1.0416, -0.0101, -0.0424
13.2171, 1.0422, -0.0104, -0.0423
13.2221, 1.0422, -0.0104, -0.0424
13.2271, 1.0424, -0.0104, -0.0426
13.2321, 1.0425, -0.0104, -0.0430
13.2371, 1.0427, -0.0104, -0.0435
13.2422, 1.0431, -0.0106, -0.0439
13.2472, 1.0429, -0.0112, -0.0436
13.2522, 1.0423, -0.0117, -0.0432
13.2572, 1.0422, -0.0120, -0.0429
13.2622, 1.0424, -0.0120, -0.0424
13.2673, 1.0427, -0.0118, -0.0422
13.2723, 1.0431, -0.0116, -0.0424
13.2773, 1.0431, -0.0114, -0.0433
13.2823, 1.0431, -0.0110, -0.0440
13.2874, 1.0430, -0.0109, -0.0447
13.2924, 1.0429, -0.0106, -0.0462
13.2974, 1.0429, -0.0104, -0.0473
13.3024, 1.0429, -0.0106, -0.0472
13.3074, 1.0425, -0.0107, -0.0459
13.3125, 1.0418, -0.0110, -0.0444
13.3175, 1.0415, -0.0115, -0.0436
13.3225, 1.0414, -0.0115, -0.0435
13.3275, 1.0411, -0.0114, -0.0437
13.3326, 1.0414, -0.0110, -0.0439
13.3376, 1.0422, -0.0106, -0.0437
13.3426, 1.0433, -0.0103, -0.0441
13.3476, 1.0436, -0.0101, -0.0444
13.3526, 1.0438, -0.0102, -0.0447
13.3577, 1.0436, -0.0105, -0.0447
13.3627, 1.0428, -0.0109, -0.0442
13.3677, 1.0423, -0.0114, -0.0436
13.3727, 1.0421, -0.0115, -0.0443
13.3778, 1.0419, -0.0112, -0.0445
13.3828, 1.0421, -0.0110, -0.0439
13.3878, 1.0422, -0.0106, -0.0436
13.3928, 1.0419, -0.0107, -0.0440
13.3979, 1.0415, -0.0109, -0.0447
13.4029, 1.0414, -0.0109, -0.0448
13.4079, 1.0417, -0.0108, -0.0448
13.4129, 1.0419, -0.0110, -0.0449
13.4179, 1.0420, -0.0107, -0.0447
13.4230, 1.0423, -0.0099, -0.0445
13.4280, 1.0421, -0.0094, -0.0448
13.4330, 1.0420, -0.0094, -0.0445
13.4380, 1.0421, -0.0095, -0.0447
13.4431, 1.0424, -0.0096, -0.0442
13.4481, 1.0423, -0.0094, -0.0443
13.4531, 1.0421, -0.0097, -0.0448
13.4581, 1.0419, -0.0099, -0.0455
13.4631, 1.0420, -0.0099, -0.0455
13.4682, 1.0422, -0.0102, -0.0448
13.4732, 1.0423, -0.0105, -0.0439
13.4782, 1.0421, -0.0104, -0.0427
13.4832, 1.0417, -0.0104, -0.0427
13.4883, 1.0419, -0.0101, -0.0437
13.4933, 1.0421, -0.0099, -0.0450
13.4983, 1.0421, -0.0099, -0.0454
13.5033, 1.0425, -0.0105, -0.0449
13.5083, 1.0429, -0.0109, -0.0440
13.5134, 1.0429, -0.0106, -0.0435
13.5184, 1.0430, -0.0102, -0.0427
13.5234, 1.0434, -0.0096, -0.0420
13.5284, 1.0439, -0.0095, -0.0417
13.5335, 1.0438, -0.0096, -0.0418
13.5385, 1.0435, -0.0094, -0.0418
13.5435, 1.0433, -0.0096, -0.0421
13.5485, 1.0431, -0.0098, -0.0431
13.5536, 1.0429, -0.0105, -0.0441
13.5586, 1.0428, -0.0109, -0.0447
13.5636, 1.0429, -0.0114, -0.0450
13.5686, 1.0429, -0.0116, -0.0457
13.5737, 1.0428, -0.0114, -0.0469
13.5787, 1.0428, -0.0113, -0.0476
13.5837, 1.0429, -0.0111, -0.0477
13.5887, 1.0431, -0.0114, -0.0466
13.5937, 1.0430, -0.0117, -0.0447
13.5988, 1.0427, -0.0115, -0.0431
13.6038, 1.0420, -0.0108, -0.0413
13.6088, 1.0415, -0.0105, -0.0407
13.6138, 1.0414, -0.0102, -0.0408
13.6189, 1.0415, -0.0105, -0.0411
13.6239, 1.0422, -0.0108, -0.0419
13.6289, 1.0426, -0.0112, -0.0429
13.6339, 1.0433, -0.0113, -0.0439
13.6390, 1.0436, -0.0115, -0.0447
13.6440, 1.0436, -0.0116, -0.0450
13.6490, 1.0434, -0.0118, -0.0453
13.6540, 1.0433, -0.0119, -0.0449
13.6590, 1.0433, -0.0116, -0.0445
13.6641, 1.0429, -0.0110, -0.0449
13.6691, 1.0428, -0.0107, -0.0447
13.6741, 1.0427, -0.0108, -0.0450
13.6791, 1.0427, -0.0110, -0.0455
13.6842, 1.0426, -0.0108, -0.0455
13.6892, 1.0423, -0.0105, -0.0457
13.6942, 1.0422, -0.0104, -0.0458
13.6992, 1.0420, -0.0104, -0.0458
13.7043, 1.0419, -0.0100, -0.0456
13.7093, 1.0417, -0.0096, -0.0447
13.7143, 1.0416, -0.0099, -0.0437
13.7193, 1.0417, -0.0107, -0.0437
13.7244, 1.0417, -0.0112, -0.0433
13.7294, 1.0416, -0.0115, -0.0427
13.7344, 1.0420, -0.0120, -0.0426
13.7394, 1.0422, -0.0127, -0.0428
13.7444, 1.0424, -0.0128, -0.0437
13.7495, 1.0429, -0.0126, -0.0449
13.7545, 1.0432, -0.0119, -0.0461
13.7595, 1.0433, -0.0109, -0.0467
13.7645, 1.0432, -0.0106, -0.0467
13.7696, 1.0427, -0.0108, -0.0464
13.7746, 1.0424, -0.0107, -0.0468
13.7796, 1.0421, -0.0101, -0.0471
13.7846, 1.0418, -0.0101, -0.0469
13.7897, 1.0415, -0.0101, -0.0465
13.7947, 1.0414, -0.0107, -0.0455
13.7997, 1.0414, -0.0112, -0.0444
13.8047, 1.0410, -0.0114, -0.0434
13.8098, 1.0407, -0.0113, -0.0431
13.8148, 1.0407, -0.0110, -0.0437
13.8198, 1.0408, -0.0108, -0.0440
13.8248, 1.0412, -0.0110, -0.0441
13.8299, 1.0412, -0.0112, -0.0442
13.8349, 1.0411, -0.0113, -0.0441
13.8399, 1.0413, -0.0112, -0.0437
13.8449, 1.0412, -0.0108, -0.0443
13.8500, 1.0405, -0.0106, -0.0450
13.8550, 1.0402, -0.0102, -0.0462
13.8600, 1.0409, -0.0100, -0.0462
13.8650, 1.0416, -0.0097, -0.0453
13.8701, 1.0421, -0.0094, -0.0442
13.8751, 1.0422, -0.0091, -0.0435
13.8801, 1.0422, -0.0090, -0.0430
13.8851, 1.0421, -0.0090, -0.0435
13.8902, 1.0420, -0.0091, -0.0441
13.8952, 1.0420, -0.0092, -0.0448
13.9002, 1.0421, -0.0096, -0.0444
13.9052, 1.0420, -0.0102, -0.0448
13.9103, 1.0419, -0.0106, -0.0452
13.9153, 1.0421, -0.0106, -0.0451
13.9203, 1.0425, -0.0107, -0.0448
13.9253, 1.0428, -0.0109, -0.0449
13.9303, 1.0430, -0.0109, -0.0453
13.9354, 1.0429, -0.0109, -0.0458
13.9404, 1.0422, -0.0113, -0.0460
13.9454, 1.0415, -0.0115, -0.0456
13.9505, 1.0409, -0.0116, -0.0448
13.9555, 1.0406, -0.0115, -0.0440
13.9605, 1.0405, -0.0109, -0.0444
13.9655, 1.0406, -0.0101, -0.0452
13.9705, 1.0407, -0.0098, -0.0453
13.9756, 1.0411, -0.0101, -0.0454
13.9806, 1.0421, -0.0103, -0.0458
13.9856, 1.0430, -0.0105, -0.0459
13.9906, 1.0435, -0.0111, -0.0465
13.9957, 1.0433, -0.0118, -0.0465
14.0007, 1.0428, -0.0124, -0.0457
14.0057, 1.0423, -0.0126, -0.0456
14.0107, 1.0419, -0.0128, -0.0451
14.0158, 1.0418, -0.0126, -0.0441
14.0208, 1.0418, -0.0123, -0.0431
14.0258, 1.0419, -0.0119, -0.0436
14.0308, 1.0424, -0.0114, -0.0440
14.0359, 1.0429, -0.0109, -0.0441
14.0409, 1.0431, -0.0103, -0.0436
14.0459, 1.0431, -0.0103, -0.0430
14.0509, 1.0435, -0.0104, -0.0432
14.0560, 1.0437, -0.0106, -0.0435
14.0610, 1.0433, -0.0105, -0.0435
14.0660, 1.0428, -0.0108, -0.0437
14.0710, 1.0427, -0.0110, -0.0441
14.0761, 1.0426, -0.0109, -0.0444
14.0811, 1.0424, -0.0109, -0.0452
14.0861, 1.0423, -0.0104, -0.0453
14.0911, 1.0424, -0.0101, -0.0456
14.0961, 1.0427, -0.0097, -0.0457
14.1012, 1.0428, -0.0097, -0.0453
14.1062, 1.0430, -0.0100, -0.0451
14.1112, 1.0433, -0.0101, -0.0448
14.1162, 1.0431, -0.0100, -0.0439
14.1213, 1.0430, -0.0102, -0.0429
14.1263, 1.0428, -0.0111, -0.0418
14.1313, 1.0422, -0.0118, -0.0412
14.1363, 1.0419, -0.0121, -0.0413
14.1414, 1.0416, -0.0121, -0.0416
14.1464, 1.0418, -0.0120, -0.0416
14.1514, 1.0421, -0.0116, -0.0417
14.1564, 1.0423, -0.0111, -0.0423
14.1615, 1.0422, -0.0105, -0.0432
14.1665, 1.0425, -0.0098, -0.0440
14.1715, 1.0426, -0.0096, -0.0443
14.1765, 1.0425, -0.0101, -0.0446
14.1816, 1.0425, -0.0106, -0.0441
14.1866, 1.0425, -0.0111, -0.0434
14.1916, 1.0421, -0.0115, -0.0436
14.1966, 1.0416, -0.0114, -0.0439
14.2017, 1.0407, -0.0114, -0.0442
14.2067, 1.0402, -0.0115, -0.0441
14.2117, 1.0400, -0.0116, -0.0442
14.2167, 1.0403, -0.0117, -0.0445
14.2218, 1.0406, -0.0114, -0.0449
14.2268, 1.0410, -0.0110, -0.0450
14.2318, 1.0419, -0.0108, -0.0445
14.2368, 1.0424, -0.0111, -0.0445
14.2418, 1.0433, -0.0110, -0.0443
14.2469, 1.0440, -0.0109, -0.0444
14.2519, 1.0441, -0.0108, -0.0444
14.2569, 1.0440, -0.0109, -0.0449
14.2619, 1.0438, -0.0109, -0.0453
14.2669, 1.0437, -0.0109, -0.0448
14.2719, 1.0437, -0.0106, -0.0435
14.2770, 1.0439, -0.0101, -0.0427
14.2820, 1.0437, -0.0094, -0.0426
14.2870, 1.0436, -0.0092, -0.0435
14.2920, 1.0439, -0.0094, -0.0442
14.2971, 1.0437, -0.0097, -0.0449
14.3021, 1.0435, -0.0100, -0.0456
14.3071, 1.0431, -0.0105, -0.0465
14.3121, 1.0433, -0.0104, -0.0472
14.3171, 1.0434, -0.0105, -0.0474
14.3222, 1.0434, -0.0106, -0.0472
14.3272, 1.0430, -0.0105, -0.0471
14.3322, 1.0423, -0.0103, -0.0469
14.3372, 1.0422, -0.0098, -0.0469
14.3423, 1.0420, -0.0096, -0.0465
14.3473, 1.0420, -0.0096, -0.0456
14.3523, 1.0422, -0.0103, -0.0446
14.3573, 1.0424, -0.0109, -0.0437
14.3624, 1.0424, -0.0110, -0.0434
14.3674, 1.0421, -0.0111, -0.0426
14.3724, 1.0418, -0.0111, -0.0422
14.3774, 1.0417, -0.0110, -0.0422
14.3824, 1.0419, -0.0114, -0.0425
14.3875, 1.0421, -0.0118, -0.0427
14.3925, 1.0426, -0.0122, -0.0430
14.3975, 1.0427, -0.0122, -0.0433
14.4025, 1.0427, -0.0120, -0.0438
14.4075, 1.0428, -0.0112, -0.0448
14.4126, 1.0424, -0.0107, -0.0444
14.4176, 1.0422, -0.0104, -0.0437
14.4226, 1.0421, -0.0102, -0.0435
14.4276, 1.0420, -0.0103, -0.0438
14.4327, 1.0419, -0.0106, -0.0443
14.4377, 1.0417, -0.0101, -0.0443
14.4427, 1.0415, -0.0100, -0.0446
14.4477, 1.0416, -0.0106, -0.0442
14.4527, 1.0415, -0.0110, -0.0440
14.4578, 1.0418, -0.0109, -0.0437
14.4628, 1.0420, -0.0112, -0.0438
14.4678, 1.0424, -0.0108, -0.0440
14.4728, 1.0429, -0.0112, -0.0442
14.4779, 1.0432, -0.0113, -0.0445
14.4829, 1.0431, -0.0112, -0.0439
14.4879, 1.0432, -0.0113, -0.0437
14.4929, 1.0432, -0.0114, -0.0442
14.4979, 1.0431, -0.0113, -0.0450
14.5030, 1.0425, -0.0116, -0.0459
14.5080, 1.0423, -0.0116, -0.0459
14.5130, 1.0423, -0.0114, -0.0460
14.5180, 1.0423, -0.0107, -0.0457
14.5230, 1.0418, -0.0102, -0.0450
14.5281, 1.0416, -0.0101, -0.0442
14.5331, 1.0415, -0.0103, -0.0438
14.5381, 1.0416, -0.0104, -0.0434
14.5431, 1.0414, -0.0110, -0.0439
14.5482, 1.0413, -0.0114, -0.0450
14.5532, 1.0413, -0.0109, -0.0458
14.5582, 1.0422, -0.0106, -0.0458
14.5632, 1.0432, -0.0099, -0.0456
14.5683, 1.0434, -0.0095, -0.0454
14.5733, 1.0432, -0.0095, -0.0454
14.5783, 1.0427, -0.0095, -0.0450
14.5833, 1.0426, -0.0097, -0.0450
14.5884, 1.0426, -0.0098, -0.0443
14.5934, 1.0420, -0.0097, -0.0444
14.5984, 1.0415, -0.0098, -0.0446
14.6034, 1.0412, -0.0102, -0.0442
14.6085, 1.0411, -0.0106, -0.0446
14.6135, 1.0412, -0.0106, -0.0449
14.6185, 1.0413, -0.0105, -0.0445
14.6235, 1.0420, -0.0104, -0.0441
14.6285, 1.0426, -0.0101, -0.0451
14.6336, 1.0432, -0.0100, -0.0459
14.6386, 1.0435, -0.0100, -0.0464
14.6436, 1.0432, -0.0100, -0.0463
14.6486, 1.0429, -0.0101, -0.0462
14.6537, 1.0424, -0.0105, -0.0464
