40.7142, 0.0784, 0.9780, 0.0164
40.7193, 0.0788, 0.9780, 0.0168
40.7243, 0.0797, 0.9777, 0.0172
40.7293, 0.0805, 0.9773, 0.0172
40.7343, 0.0799, 0.9767, 0.0180
40.7393, 0.0790, 0.9762, 0.0187
40.7444, 0.0791, 0.9764, 0.0187
40.7494, 0.0804, 0.9764, 0.0190
40.7544, 0.0819, 0.9763, 0.0184
40.7594, 0.0822, 0.9769, 0.0181
40.7645, 0.0814, 0.9775, 0.0180
40.7695, 0.0802, 0.9776, 0.0176
40.7745, 0.0797, 0.9774, 0.0181
40.7795, 0.0792, 0.9771, 0.0182
40.7845, 0.0781, 0.9770, 0.0178
40.7896, 0.0761, 0.9766, 0.0183
40.7946, 0.0752, 0.9766, 0.0187
40.7996, 0.0761, 0.9766, 0.0186
40.8046, 0.0781, 0.9764, 0.0182
40.8097, 0.0804, 0.9762, 0.0180
40.8147, 0.0828, 0.9760, 0.0177
40.8197, 0.0848, 0.9761, 0.0171
40.8247, 0.0856, 0.9763, 0.0167
40.8298, 0.0848, 0.9765, 0.0165
40.8348, 0.0838, 0.9768, 0.0162
40.8398, 0.0831, 0.9769, 0.0165
40.8448, 0.0829, 0.9772, 0.0173
40.8498, 0.0823, 0.9774, 0.0170
40.8549, 0.0812, 0.9776, 0.0170
40.8599, 0.0809, 0.9783, 0.0165
40.8649, 0.0810, 0.9785, 0.0167
40.8699, 0.0822, 0.9783, 0.0168
40.8749, 0.0829, 0.9781, 0.0158
40.8800, 0.0828, 0.9779, 0.0162
40.8850, 0.0819, 0.9776, 0.0175
40.8900, 0.0817, 0.9773, 0.0177
40.8950, 0.0818, 0.9771, 0.0183
40.9000, 0.0814, 0.9772, 0.0186
40.9051, 0.0807, 0.9773, 0.0178
40.9101, 0.0803, 0.9776, 0.0170
40.9151, 0.0799, 0.9774, 0.0159
40.9201, 0.0802, 0.9769, 0.0144
40.9252, 0.0804, 0.9769, 0.0136
40.9302, 0.0805, 0.9769, 0.0143
40.9352, 0.0814, 0.9768, 0.0158
40.9402, 0.0827, 0.9768, 0.0175
40.9452, 0.0834, 0.9767, 0.0187
40.9503, 0.0843, 0.9768, 0.0182
40.9553, 0.0850, 0.9764, 0.0178
40.9603, 0.0851, 0.9762, 0.0177
40.9653, 0.0844, 0.9764, 0.0178
40.9703, 0.0824, 0.9766, 0.0183
40.9754, 0.0797, 0.9765, 0.0190
40.9804, 0.0787, 0.9765, 0.0196
40.9854, 0.0797, 0.9764, 0.0189
40.9904, 0.0809, 0.9764, 0.0184
40.9955, 0.0809, 0.9767, 0.0174
41.0005, 0.0802, 0.9773, 0.0165
41.0055, 0.0800, 0.9774, 0.0158
41.0105, 0.0807, 0.9770, 0.0157
41.0155, 0.0815, 0.9766, 0.0150
41.0206, 0.0818, 0.9767, 0.0147
41.0256, 0.0814, 0.9770, 0.0150
41.0306, 0.0809, 0.9776, 0.0159
41.0356, 0.0808, 0.9782, 0.0165
41.0407, 0.0807, 0.9786, 0.0166
41.0457, 0.0806, 0.9784, 0.0177
41.0507, 0.0808, 0.9782, 0.0184
41.0557, 0.0805, 0.9780, 0.0184
41.0607, 0.0800, 0.9778, 0.0179
41.0658, 0.0803, 0.9775, 0.0172
41.0708, 0.0815, 0.9772, 0.0163
41.0758, 0.0829, 0.9771, 0.0157
41.0808, 0.0834, 0.9769, 0.0149
41.0859, 0.0834, 0.9771, 0.0147
41.0909, 0.0831, 0.9772, 0.0151
41.0959, 0.0824, 0.9772, 0.0151
41.1009, 0.0817, 0.9767, 0.0153
41.1059, 0.0809, 0.9766, 0.0156
41.1109, 0.0798, 0.9770, 0.0159
41.1160, 0.0788, 0.9771, 0.0166
41.1210, 0.0783, 0.9774, 0.0168
41.1260, 0.0777, 0.9772, 0.0165
41.1310, 0.0776, 0.9766, 0.0164
41.1361, 0.0777, 0.9760, 0.0157
41.1411, 0.0781, 0.9753, 0.0166
41.1461, 0.0785, 0.9755, 0.0173
41.1511, 0.0793, 0.9757, 0.0181
41.1561, 0.0802, 0.9757, 0.0186
41.1611, 0.0804, 0.9762, 0.0193
41.1662, 0.0805, 0.9768, 0.0184
41.1712, 0.0811, 0.9771, 0.0171
41.1762, 0.0821, 0.9772, 0.0164
41.1812, 0.0829, 0.9777, 0.0160
41.1862, 0.0844, 0.9783, 0.0151
41.1913, 0.0859, 0.9784, 0.0149
41.1963, 0.0862, 0.9779, 0.0153
41.2013, 0.0858, 0.9776, 0.0159
41.2063, 0.0850, 0.9778, 0.0165
41.2114, 0.0842, 0.9777, 0.0170
41.2164, 0.0834, 0.9768, 0.0168
41.2214, 0.0827, 0.9757, 0.0174
41.2264, 0.0823, 0.9750, 0.0175
41.2314, 0.0817, 0.9752, 0.0172
41.2365, 0.0812, 0.9758, 0.0167
41.2415, 0.0813, 0.9761, 0.0174
41.2465, 0.0821, 0.9765, 0.0174
41.2515, 0.0824, 0.9769, 0.0172
41.2565, 0.0824, 0.9766, 0.0175
41.2616, 0.0827, 0.9767, 0.0173
41.2666, 0.0832, 0.9765, 0.0173
41.2716, 0.0836, 0.9764, 0.0170
41.2766, 0.0825, 0.9761, 0.0172
41.2817, 0.0818, 0.9758, 0.0178
41.2867, 0.0803, 0.9760, 0.0177
41.2917, 0.0792, 0.9762, 0.0178
41.2967, 0.0795, 0.9768, 0.0170
41.3018, 0.0809, 0.9772, 0.0161
41.3068, 0.0823, 0.9774, 0.0159
41.3118, 0.0835, 0.9777, 0.0154
41.3168, 0.0844, 0.9774, 0.0150
41.3218, 0.0851, 0.9772, 0.0156
41.3269, 0.0841, 0.9765, 0.0169
41.3319, 0.0823, 0.9760, 0.0173
41.3369, 0.0810, 0.9759, 0.0171
41.3419, 0.0820, 0.9763, 0.0168
41.3469, 0.0837, 0.9767, 0.0169
41.3520, 0.0845, 0.9769, 0.0170
41.3570, 0.0860, 0.9774, 0.0163
41.3620, 0.0871, 0.9780, 0.0154
41.3670, 0.0853, 0.9780, 0.0153
41.3721, 0.0820, 0.9777, 0.0160
41.3771, 0.0795, 0.9778, 0.0155
41.3821, 0.0797, 0.9780, 0.0145
41.3871, 0.0817, 0.9779, 0.0136
41.3921, 0.0843, 0.9777, 0.0129
41.3972, 0.0863, 0.9773, 0.0130
41.4022, 0.0864, 0.9769, 0.0136
41.4072, 0.0861, 0.9767, 0.0144
41.4122, 0.0854, 0.9766, 0.0147
41.4172, 0.0844, 0.9767, 0.0144
41.4223, 0.0841, 0.9771, 0.0141
41.4273, 0.0841, 0.9775, 0.0143
41.4323, 0.0837, 0.9778, 0.0150
41.4373, 0.0828, 0.9779, 0.0157
41.4423, 0.0824, 0.9780, 0.0159
41.4474, 0.0827, 0.9780, 0.0163
41.4524, 0.0835, 0.9774, 0.0166
41.4574, 0.0840, 0.9764, 0.0166
41.4624, 0.0846, 0.9759, 0.0163
41.4675, 0.0853, 0.9760, 0.0162
41.4725, 0.0860, 0.9761, 0.0166
41.4775, 0.0860, 0.9766, 0.0165
41.4825, 0.0854, 0.9766, 0.0155
41.4875, 0.0846, 0.9761, 0.0153
41.4926, 0.0842, 0.9758, 0.0153
41.4976, 0.0834, 0.9761, 0.0155
41.5026, 0.0824, 0.9762, 0.0159
41.5076, 0.0816, 0.9761, 0.0167
41.5127, 0.0816, 0.9763, 0.0177
41.5177, 0.0816, 0.9769, 0.0180
41.5227, 0.0822, 0.9773, 0.0178
41.5277, 0.0834, 0.9776, 0.0170
41.5327, 0.0854, 0.9777, 0.0168
41.5378, 0.0879, 0.9774, 0.0165
41.5428, 0.0896, 0.9770, 0.0162
41.5478, 0.0899, 0.9764, 0.0161
41.5528, 0.0891, 0.9758, 0.0170
41.5578, 0.0876, 0.9757, 0.0176
41.5629, 0.0851, 0.9759, 0.0179
41.5679, 0.0827, 0.9763, 0.0185
41.5729, 0.0808, 0.9765, 0.0184
41.5779, 0.0802, 0.9774, 0.0183
41.5829, 0.0803, 0.9779, 0.0179
41.5880, 0.0804, 0.9781, 0.0180
41.5930, 0.0805, 0.9780, 0.0181
41.5980, 0.0812, 0.9778, 0.0178
41.6030, 0.0827, 0.9777, 0.0172
41.6080, 0.0840, 0.9781, 0.0172
41.6131, 0.0844, 0.9785, 0.0171
41.6181, 0.0838, 0.9783, 0.0171
41.6231, 0.0834, 0.9777, 0.0167
41.6281, 0.0827, 0.9766, 0.0157
41.6331, 0.0820, 0.9763, 0.0156
41.6382, 0.0816, 0.9763, 0.0155
41.6432, 0.0822, 0.9764, 0.0149
41.6482, 0.0831, 0.9770, 0.0144
41.6532, 0.0843, 0.9778, 0.0142
41.6582, 0.0851, 0.9784, 0.0146
41.6633, 0.0852, 0.9785, 0.0159
41.6683, 0.0847, 0.9786, 0.0170
41.6733, 0.0837, 0.9789, 0.0178
41.6783, 0.0822, 0.9791, 0.0185
41.6834, 0.0808, 0.9791, 0.0188
41.6884, 0.0804, 0.9785, 0.0186
41.6934, 0.0804, 0.9782, 0.0181
41.6984, 0.0801, 0.9782, 0.0177
41.7034, 0.0794, 0.9781, 0.0170
41.7085, 0.0788, 0.9779, 0.0158
41.7135, 0.0787, 0.9778, 0.0154
41.7185, 0.0793, 0.9776, 0.0148
41.7235, 0.0806, 0.9776, 0.0137
41.7285, 0.0827, 0.9777, 0.0122
41.7336, 0.0848, 0.9776, 0.0113
41.7386, 0.0858, 0.9772, 0.0113
41.7436, 0.0860, 0.9769, 0.0128
41.7486, 0.0856, 0.9770, 0.0138
41.7537, 0.0849, 0.9773, 0.0146
41.7587, 0.0848, 0.9777, 0.0144
41.7637, 0.0855, 0.9779, 0.0141
41.7687, 0.0870, 0.9778, 0.0131
41.7737, 0.0887, 0.9775, 0.0121
41.7788, 0.0890, 0.9772, 0.0119
41.7838, 0.0879, 0.9770, 0.0123
41.7888, 0.0862, 0.9771, 0.0133
41.7938, 0.0845, 0.9770, 0.0145
41.7988, 0.0830, 0.9765, 0.0156
41.8039, 0.0817, 0.9761, 0.0164
41.8089, 0.0799, 0.9764, 0.0171
41.8139, 0.0792, 0.9765, 0.0172
41.8189, 0.0790, 0.9767, 0.0171
41.8240, 0.0794, 0.9769, 0.0170
41.8290, 0.0802, 0.9769, 0.0162
41.8340, 0.0814, 0.9767, 0.0152
41.8390, 0.0828, 0.9768, 0.0151
41.8440, 0.0840, 0.9770, 0.0160
41.8490, 0.0845, 0.9766, 0.0166
41.8541, 0.0842, 0.9762, 0.0167
41.8591, 0.0838, 0.9757, 0.0167
41.8641, 0.0836, 0.9756, 0.0162
41.8691, 0.0827, 0.9757, 0.0154
41.8742, 0.0820, 0.9763, 0.0154
41.8792, 0.0823, 0.9770, 0.0157
41.8842, 0.0841, 0.9772, 0.0157
41.8892, 0.0861, 0.9770, 0.0158
41.8942, 0.0875, 0.9767, 0.0155
41.8993, 0.0874, 0.9766, 0.0146
41.9043, 0.0869, 0.9767, 0.0144
41.9093, 0.0859, 0.9769, 0.0147
41.9143, 0.0849, 0.9771, 0.0153
41.9193, 0.0848, 0.9772, 0.0165
41.9243, 0.0849, 0.9773, 0.0169
41.9294, 0.0843, 0.9768, 0.0174
41.9344, 0.0828, 0.9762, 0.0173
41.9394, 0.0811, 0.9760, 0.0173
41.9444, 0.0802, 0.9758, 0.0176
41.9494, 0.0798, 0.9757, 0.0178
41.9545, 0.0799, 0.9758, 0.0179
41.9595, 0.0809, 0.9766, 0.0174
41.9645, 0.0830, 0.9772, 0.0164
41.9695, 0.0849, 0.9775, 0.0162
41.9746, 0.0849, 0.9779, 0.0162
41.9796, 0.0839, 0.9785, 0.0163
41.9846, 0.0831, 0.9785, 0.0165
41.9896, 0.0829, 0.9786, 0.0163
41.9947, 0.0830, 0.9780, 0.0158
41.9997, 0.0830, 0.9770, 0.0158
42.0047, 0.0829, 0.9763, 0.0155
42.0097, 0.0830, 0.9758, 0.0148
42.0147, 0.0836, 0.9754, 0.0141
42.0198, 0.0843, 0.9751, 0.0143
42.0248, 0.0851, 0.9746, 0.0155
42.0298, 0.0852, 0.9744, 0.0171
42.0348, 0.0839, 0.9750, 0.0177
42.0398, 0.0818, 0.9755, 0.0172
42.0449, 0.0807, 0.9760, 0.0171
42.0499, 0.0816, 0.9764, 0.0178
42.0549, 0.0830, 0.9769, 0.0178
42.0599, 0.0845, 0.9772, 0.0170
42.0649, 0.0858, 0.9773, 0.0164
42.0700, 0.0867, 0.9774, 0.0159
42.0750, 0.0874, 0.9771, 0.0150
42.0800, 0.0875, 0.9768, 0.0142
42.0850, 0.0869, 0.9767, 0.0129
42.0901, 0.0861, 0.9767, 0.0128
42.0951, 0.0862, 0.9765, 0.0140
42.1001, 0.0864, 0.9764, 0.0148
42.1051, 0.0860, 0.9760, 0.0156
42.1101, 0.0860, 0.9761, 0.0155
42.1152, 0.0855, 0.9763, 0.0164
42.1202, 0.0838, 0.9760, 0.0169
42.1252, 0.0819, 0.9760, 0.0169
42.1302, 0.0814, 0.9761, 0.0172
42.1352, 0.0817, 0.9767, 0.0174
42.1402, 0.0824, 0.9771, 0.0171
42.1453, 0.0830, 0.9774, 0.0167
42.1503, 0.0835, 0.9775, 0.0165
42.1553, 0.0840, 0.9776, 0.0173
42.1603, 0.0848, 0.9777, 0.0180
42.1654, 0.0856, 0.9777, 0.0177
42.1704, 0.0860, 0.9774, 0.0171
42.1754, 0.0858, 0.9774, 0.0171
42.1804, 0.0855, 0.9770, 0.0172
42.1854, 0.0851, 0.9766, 0.0176
42.1905, 0.0847, 0.9766, 0.0180
42.1955, 0.0844, 0.9765, 0.0178
42.2005, 0.0843, 0.9766, 0.0169
42.2055, 0.0843, 0.9767, 0.0159
42.2105, 0.0841, 0.9770, 0.0151
42.2156, 0.0843, 0.9774, 0.0149
42.2206, 0.0844, 0.9784, 0.0150
42.2256, 0.0839, 0.9792, 0.0154
42.2306, 0.0833, 0.9791, 0.0149
42.2357, 0.0832, 0.9785, 0.0145
42.2407, 0.0832, 0.9776, 0.0150
42.2457, 0.0829, 0.9766, 0.0153
42.2507, 0.0829, 0.9761, 0.0152
42.2558, 0.0835, 0.9757, 0.0150
42.2608, 0.0843, 0.9756, 0.0157
42.2658, 0.0840, 0.9754, 0.0162
42.2708, 0.0831, 0.9754, 0.0169
42.2759, 0.0822, 0.9757, 0.0175
42.2809, 0.0830, 0.9762, 0.0175
42.2859, 0.0843, 0.9765, 0.0169
42.2909, 0.0847, 0.9771, 0.0167
42.2959, 0.0843, 0.9772, 0.0168
42.3010, 0.0837, 0.9776, 0.0170
42.3060, 0.0828, 0.9776, 0.0174
42.3110, 0.0820, 0.9774, 0.0181
42.3160, 0.0817, 0.9771, 0.0188
42.3210, 0.0820, 0.9771, 0.0182
42.3260, 0.0821, 0.9772, 0.0175
42.3311, 0.0822, 0.9773, 0.0180
42.3361, 0.0811, 0.9771, 0.0184
42.3411, 0.0795, 0.9769, 0.0187
42.3461, 0.0794, 0.9766, 0.0182
42.3511, 0.0812, 0.9764, 0.0175
42.3562, 0.0838, 0.9763, 0.0171
42.3612, 0.0861, 0.9765, 0.0171
42.3662, 0.0869, 0.9763, 0.0169
42.3712, 0.0866, 0.9763, 0.0169
42.3763, 0.0871, 0.9764, 0.0168
42.3813, 0.0875, 0.9767, 0.0165
42.3863, 0.0873, 0.9769, 0.0160
42.3913, 0.0865, 0.9767, 0.0164
42.3963, 0.0858, 0.9764, 0.0171
42.4014, 0.0856, 0.9762, 0.0177
42.4064, 0.0850, 0.9764, 0.0184
42.4114, 0.0834, 0.9764, 0.0188
42.4164, 0.0817, 0.9763, 0.0192
42.4214, 0.0808, 0.9762, 0.0195
42.4264, 0.0805, 0.9764, 0.0193
42.4315, 0.0801, 0.9763, 0.0193
42.4365, 0.0795, 0.9763, 0.0188
42.4415, 0.0789, 0.9764, 0.0184
42.4465, 0.0790, 0.9765, 0.0181
42.4516, 0.0796, 0.9764, 0.0176
42.4566, 0.0835, 0.9770, 0.0158
42.4616, 0.0868, 0.9764, 0.0169
42.4666, 0.0874, 0.9758, 0.0187
42.4716, 0.0843, 0.9765, 0.0171
42.4767, 0.0811, 0.9767, 0.0178
42.4817, 0.0808, 0.9766, 0.0177
42.4867, 0.0834, 0.9768, 0.0166
42.4917, 0.0857, 0.9769, 0.0174
42.4968, 0.0852, 0.9770, 0.0183
42.5018, 0.0829, 0.9775, 0.0176
42.5068, 0.0813, 0.9781, 0.0168
42.5118, 0.0817, 0.9784, 0.0158
42.5168, 0.0831, 0.9787, 0.0146
42.5219, 0.0844, 0.9789, 0.0134
42.5269, 0.0859, 0.9786, 0.0130
42.5319, 0.0873, 0.9784, 0.0126
42.5369, 0.0874, 0.9781, 0.0135
42.5419, 0.0864, 0.9772, 0.0147
42.5470, 0.0850, 0.9764, 0.0159
42.5520, 0.0842, 0.9757, 0.0169
42.5570, 0.0844, 0.9754, 0.0172
42.5620, 0.0848, 0.9753, 0.0170
42.5670, 0.0851, 0.9753, 0.0165
42.5721, 0.0845, 0.9757, 0.0163
42.5771, 0.0834, 0.9765, 0.0164
42.5821, 0.0830, 0.9775, 0.0167
42.5871, 0.0828, 0.9785, 0.0168
42.5921, 0.0829, 0.9791, 0.0162
42.5972, 0.0824, 0.9796, 0.0155
42.6022, 0.0816, 0.9797, 0.0158
42.6072, 0.0818, 0.9791, 0.0157
42.6122, 0.0828, 0.9787, 0.0151
42.6172, 0.0836, 0.9784, 0.0143
42.6223, 0.0835, 0.9782, 0.0136
42.6273, 0.0826, 0.9782, 0.0134
42.6323, 0.0821, 0.9783, 0.0135
42.6373, 0.0829, 0.9785, 0.0136
42.6423, 0.0846, 0.9788, 0.0143
42.6474, 0.0854, 0.9784, 0.0151
42.6524, 0.0846, 0.9780, 0.0156
42.6574, 0.0835, 0.9777, 0.0159
42.6624, 0.0824, 0.9780, 0.0160
42.6674, 0.0820, 0.9784, 0.0160
42.6725, 0.0837, 0.9782, 0.0153
42.6775, 0.0855, 0.9777, 0.0143
42.6825, 0.0854, 0.9769, 0.0146
42.6875, 0.0836, 0.9762, 0.0155
42.6926, 0.0816, 0.9762, 0.0174
42.6976, 0.0803, 0.9764, 0.0181
42.7026, 0.0801, 0.9770, 0.0180
42.7076, 0.0806, 0.9775, 0.0178
42.7126, 0.0821, 0.9780, 0.0179
42.7177, 0.0837, 0.9782, 0.0179
42.7227, 0.0840, 0.9783, 0.0178
42.7277, 0.0833, 0.9784, 0.0173
42.7327, 0.0824, 0.9781, 0.0167
42.7377, 0.0818, 0.9778, 0.0162
42.7428, 0.0820, 0.9773, 0.0152
42.7478, 0.0825, 0.9769, 0.0148
42.7528, 0.0831, 0.9767, 0.0148
42.7578, 0.0830, 0.9768, 0.0144
42.7629, 0.0837, 0.9773, 0.0142
42.7679, 0.0859, 0.9775, 0.0148
42.7729, 0.0874, 0.9771, 0.0171
42.7779, 0.0869, 0.9772, 0.0175
42.7830, 0.0851, 0.9775, 0.0167
42.7880, 0.0834, 0.9772, 0.0174
42.7930, 0.0832, 0.9769, 0.0172
42.7980, 0.0842, 0.9766, 0.0167
42.8030, 0.0853, 0.9761, 0.0167
42.8080, 0.0854, 0.9763, 0.0164
42.8131, 0.0858, 0.9768, 0.0160
42.8181, 0.0860, 0.9771, 0.0159
42.8231, 0.0858, 0.9773, 0.0151
42.8281, 0.0854, 0.9778, 0.0149
42.8331, 0.0850, 0.9780, 0.0154
42.8381, 0.0844, 0.9780, 0.0169
42.8432, 0.0836, 0.9777, 0.0183
42.8482, 0.0831, 0.9775, 0.0191
42.8532, 0.0829, 0.9774, 0.0196
42.8582, 0.0833, 0.9773, 0.0202
42.8632, 0.0837, 0.9772, 0.0197
42.8683, 0.0836, 0.9766, 0.0182
42.8733, 0.0833, 0.9762, 0.0173
42.8783, 0.0829, 0.9759, 0.0168
42.8833, 0.0819, 0.9759, 0.0164
42.8883, 0.0811, 0.9762, 0.0160
42.8934, 0.0812, 0.9769, 0.0157
42.8984, 0.0831, 0.9769, 0.0158
42.9034, 0.0855, 0.9767, 0.0154
42.9084, 0.0863, 0.9768, 0.0154
42.9134, 0.0851, 0.9771, 0.0151
42.9185, 0.0851, 0.9764, 0.0159
42.9235, 0.0861, 0.9758, 0.0166
42.9285, 0.0866, 0.9758, 0.0163
42.9335, 0.0858, 0.9759, 0.0164
42.9385, 0.0841, 0.9758, 0.0168
42.9436, 0.0823, 0.9758, 0.0168
42.9486, 0.0808, 0.9758, 0.0174
42.9536, 0.0788, 0.9762, 0.0184
42.9586, 0.0774, 0.9771, 0.0179
42.9637, 0.0777, 0.9778, 0.0170
42.9687, 0.0790, 0.9781, 0.0161
42.9737, 0.0811, 0.9785, 0.0161
42.9787, 0.0825, 0.9785, 0.0154
42.9837, 0.0829, 0.9779, 0.0151
42.9888, 0.0838, 0.9777, 0.0156
42.9938, 0.0852, 0.9781, 0.0161
42.9988, 0.0865, 0.9779, 0.0163
43.0038, 0.0869, 0.9780, 0.0165
43.0089, 0.0869, 0.9779, 0.0169
43.0139, 0.0860, 0.9777, 0.0171
43.0189, 0.0849, 0.9774, 0.0168
43.0239, 0.0836, 0.9771, 0.0174
43.0289, 0.0824, 0.9769, 0.0175
43.0339, 0.0819, 0.9769, 0.0178
43.0390, 0.0824, 0.9770, 0.0187
43.0440, 0.0836, 0.9774, 0.0189
43.0490, 0.0852, 0.9776, 0.0189
43.0540, 0.0868, 0.9774, 0.0183
43.0590, 0.0870, 0.9771, 0.0176
43.0641, 0.0867, 0.9771, 0.0171
43.0691, 0.0866, 0.9771, 0.0170
43.0741, 0.0865, 0.9772, 0.0168
43.0791, 0.0860, 0.9768, 0.0169
43.0841, 0.0846, 0.9761, 0.0180
43.0891, 0.0834, 0.9759, 0.0188
43.0942, 0.0822, 0.9759, 0.0191
43.0992, 0.0816, 0.9762, 0.0190
43.1042, 0.0816, 0.9767, 0.0187
43.1092, 0.0817, 0.9773, 0.0185
43.1142, 0.0824, 0.9774, 0.0181
43.1193, 0.0825, 0.9773, 0.0179
43.1243, 0.0825, 0.9770, 0.0173
43.1293, 0.0830, 0.9764, 0.0171
43.1343, 0.0832, 0.9755, 0.0171
43.1393, 0.0828, 0.9749, 0.0174
43.1444, 0.0814, 0.9752, 0.0174
43.1494, 0.0808, 0.9760, 0.0175
43.1544, 0.0816, 0.9766, 0.0181
43.1594, 0.0830, 0.9773, 0.0178
43.1644, 0.0838, 0.9776, 0.0165
43.1695, 0.0845, 0.9773, 0.0164
43.1745, 0.0846, 0.9771, 0.0177
43.1795, 0.0844, 0.9775, 0.0167
43.1845, 0.0841, 0.9778, 0.0161
43.1896, 0.0831, 0.9776, 0.0165
43.1946, 0.0822, 0.9776, 0.0159
43.1996, 0.0820, 0.9771, 0.0157
43.2046, 0.0815, 0.9765, 0.0154
43.2096, 0.0815, 0.9765, 0.0148
43.2147, 0.0811, 0.9768, 0.0145
43.2197, 0.0807, 0.9767, 0.0154
43.2247, 0.0812, 0.9769, 0.0156
43.2297, 0.0821, 0.9772, 0.0160
43.2347, 0.0825, 0.9770, 0.0160
43.2398, 0.0820, 0.9769, 0.0160
43.2448, 0.0814, 0.9772, 0.0172
43.2498, 0.0813, 0.9772, 0.0187
43.2548, 0.0810, 0.9776, 0.0189
43.2599, 0.0803, 0.9778, 0.0182
43.2649, 0.0803, 0.9779, 0.0176
43.2699, 0.0817, 0.9784, 0.0172
43.2749, 0.0833, 0.9783, 0.0167
43.2799, 0.0841, 0.9779, 0.0167
43.2850, 0.0840, 0.9781, 0.0170
43.2900, 0.0831, 0.9778, 0.0179
43.2950, 0.0823, 0.9775, 0.0181
43.3000, 0.0822, 0.9769, 0.0176
43.3051, 0.0823, 0.9761, 0.0170
43.3101, 0.0822, 0.9757, 0.0160
43.3151, 0.0826, 0.9757, 0.0154
43.3201, 0.0831, 0.9756, 0.0143
43.3251, 0.0835, 0.9754, 0.0140
43.3302, 0.0838, 0.9754, 0.0140
43.3352, 0.0834, 0.9754, 0.0146
43.3402, 0.0830, 0.9750, 0.0158
43.3452, 0.0828, 0.9749, 0.0167
43.3502, 0.0829, 0.9754, 0.0165
43.3553, 0.0831, 0.9758, 0.0165
43.3603, 0.0829, 0.9758, 0.0166
43.3653, 0.0834, 0.9756, 0.0162
43.3703, 0.0840, 0.9755, 0.0157
43.3754, 0.0851, 0.9757, 0.0160
43.3804, 0.0859, 0.9763, 0.0161
43.3854, 0.0853, 0.9765, 0.0162
43.3904, 0.0839, 0.9761, 0.0163
43.3954, 0.0830, 0.9761, 0.0167
43.4004, 0.0825, 0.9762, 0.0172
43.4055, 0.0824, 0.9766, 0.0174
43.4105, 0.0821, 0.9767, 0.0182
43.4155, 0.0818, 0.9768, 0.0187
43.4205, 0.0817, 0.9772, 0.0190
43.4256, 0.0811, 0.9770, 0.0193
43.4306, 0.0805, 0.9766, 0.0189
43.4356, 0.0809, 0.9766, 0.0185
43.4406, 0.0820, 0.9768, 0.0181
43.4457, 0.0829, 0.9772, 0.0171
43.4507, 0.0824, 0.9775, 0.0163
43.4557, 0.0822, 0.9779, 0.0157
43.4607, 0.0824, 0.9776, 0.0150
43.4657, 0.0835, 0.9772, 0.0138
43.4708, 0.0848, 0.9769, 0.0128
43.4758, 0.0859, 0.9774, 0.0131
43.4808, 0.0863, 0.9777, 0.0137
43.4858, 0.0861, 0.9774, 0.0142
43.4909, 0.0859, 0.9770, 0.0149
43.4959, 0.0848, 0.9773, 0.0154
43.5009, 0.0831, 0.9776, 0.0153
43.5059, 0.0825, 0.9773, 0.0152
43.5109, 0.0831, 0.9767, 0.0160
43.5160, 0.0838, 0.9762, 0.0168
43.5210, 0.0841, 0.9762, 0.0171
43.5260, 0.0845, 0.9767, 0.0167
43.5310, 0.0848, 0.9771, 0.0162
43.5360, 0.0843, 0.9777, 0.0154
43.5411, 0.0826, 0.9776, 0.0151
43.5461, 0.0817, 0.9772, 0.0150
43.5511, 0.0817, 0.9767, 0.0139
43.5561, 0.0821, 0.9758, 0.0141
43.5611, 0.0819, 0.9753, 0.0141
43.5662, 0.0812, 0.9751, 0.0144
43.5712, 0.0808, 0.9755, 0.0158
43.5762, 0.0802, 0.9758, 0.0171
43.5812, 0.0794, 0.9765, 0.0163
43.5862, 0.0790, 0.9773, 0.0146
43.5913, 0.0788, 0.9770, 0.0144
43.5963, 0.0787, 0.9764, 0.0135
43.6013, 0.0791, 0.9754, 0.0130
43.6063, 0.0803, 0.9750, 0.0131
43.6113, 0.0816, 0.9752, 0.0133
43.6164, 0.0826, 0.9756, 0.0140
43.6214, 0.0832, 0.9760, 0.0144
43.6264, 0.0838, 0.9769, 0.0144
43.6314, 0.0838, 0.9775, 0.0140
43.6364, 0.0833, 0.9771, 0.0142
43.6415, 0.0830, 0.9768, 0.0146
43.6465, 0.0835, 0.9764, 0.0148
43.6515, 0.0842, 0.9762, 0.0149
43.6565, 0.0843, 0.9762, 0.0148
43.6616, 0.0842, 0.9761, 0.0148
43.6666, 0.0841, 0.9763, 0.0151
43.6716, 0.0840, 0.9768, 0.0161
43.6766, 0.0839, 0.9774, 0.0167
43.6816, 0.0832, 0.9772, 0.0173
43.6867, 0.0816, 0.9769, 0.0174
43.6917, 0.0790, 0.9768, 0.0180
43.6967, 0.0774, 0.9766, 0.0190
43.7017, 0.0767, 0.9761, 0.0190
43.7067, 0.0769, 0.9759, 0.0186
43.7118, 0.0778, 0.9757, 0.0173
43.7168, 0.0787, 0.9757, 0.0161
43.7218, 0.0796, 0.9757, 0.0151
43.7268, 0.0814, 0.9761, 0.0144
43.7318, 0.0833, 0.9762, 0.0140
43.7369, 0.0844, 0.9761, 0.0139
43.7419, 0.0849, 0.9760, 0.0148
43.7469, 0.0847, 0.9761, 0.0160
43.7519, 0.0849, 0.9763, 0.0168
43.7570, 0.0856, 0.9767, 0.0171
43.7620, 0.0862, 0.9768, 0.0174
43.7670, 0.0867, 0.9769, 0.0169
43.7720, 0.0871, 0.9772, 0.0162
43.7770, 0.0870, 0.9773, 0.0159
43.7821, 0.0859, 0.9773, 0.0158
43.7871, 0.0849, 0.9770, 0.0158
43.7921, 0.0840, 0.9766, 0.0165
43.7971, 0.0842, 0.9772, 0.0166
43.8021, 0.0845, 0.9777, 0.0165
43.8072, 0.0840, 0.9777, 0.0162
43.8122, 0.0829, 0.9774, 0.0159
43.8172, 0.0831, 0.9767, 0.0163
43.8222, 0.0839, 0.9762, 0.0164
43.8272, 0.0843, 0.9758, 0.0162
43.8322, 0.0834, 0.9756, 0.0167
43.8373, 0.0814, 0.9755, 0.0173
43.8423, 0.0797, 0.9755, 0.0173
43.8473, 0.0791, 0.9755, 0.0172
43.8523, 0.0796, 0.9759, 0.0182
43.8574, 0.0807, 0.9766, 0.0187
43.8624, 0.0815, 0.9771, 0.0182
43.8674, 0.0811, 0.9770, 0.0175
43.8724, 0.0807, 0.9764, 0.0165
43.8774, 0.0814, 0.9763, 0.0150
43.8825, 0.0830, 0.9765, 0.0141
43.8875, 0.0844, 0.9766, 0.0134
43.8925, 0.0847, 0.9770, 0.0132
43.8975, 0.0849, 0.9772, 0.0131
43.9026, 0.0854, 0.9772, 0.0131
43.9076, 0.0857, 0.9765, 0.0135
43.9126, 0.0853, 0.9762, 0.0145
43.9176, 0.0842, 0.9763, 0.0150
43.9226, 0.0836, 0.9766, 0.0154
43.9277, 0.0833, 0.9771, 0.0154
43.9327, 0.0828, 0.9772, 0.0150
43.9377, 0.0824, 0.9768, 0.0147
43.9427, 0.0820, 0.9768, 0.0145
43.9477, 0.0812, 0.9763, 0.0141
43.9528, 0.0798, 0.9762, 0.0148
43.9578, 0.0791, 0.9761, 0.0158
43.9628, 0.0788, 0.9767, 0.0163
43.9678, 0.0798, 0.9771, 0.0168
43.9728, 0.0809, 0.9769, 0.0170
43.9779, 0.0810, 0.9771, 0.0170
43.9829, 0.0805, 0.9775, 0.0171
43.9879, 0.0798, 0.9775, 0.0166
43.9929, 0.0799, 0.9772, 0.0162
43.9979, 0.0804, 0.9771, 0.0158
44.0030, 0.0807, 0.9767, 0.0157
44.0080, 0.0806, 0.9764, 0.0157
44.0130, 0.0806, 0.9767, 0.0166
44.0180, 0.0803, 0.9771, 0.0173
44.0230, 0.0799, 0.9776, 0.0172
44.0281, 0.0803, 0.9776, 0.0168
44.0331, 0.0825, 0.9770, 0.0162
44.0381, 0.0854, 0.9763, 0.0150
44.0431, 0.0860, 0.9760, 0.0144
44.0481, 0.0842, 0.9755, 0.0152
44.0532, 0.0826, 0.9754, 0.0162
44.0582, 0.0828, 0.9750, 0.0167
44.0632, 0.0838, 0.9752, 0.0171
44.0682, 0.0841, 0.9755, 0.0167
44.0733, 0.0837, 0.9762, 0.0160
44.0783, 0.0837, 0.9766, 0.0152
44.0833, 0.0840, 0.9763, 0.0148
44.0883, 0.0842, 0.9765, 0.0146
44.0933, 0.0839, 0.9769, 0.0144
44.0984, 0.0832, 0.9774, 0.0148
44.1034, 0.0834, 0.9777, 0.0149
44.1084, 0.0838, 0.9774, 0.0148
44.1134, 0.0843, 0.9770, 0.0153
44.1184, 0.0838, 0.9766, 0.0163
44.1235, 0.0829, 0.9769, 0.0167
44.1285, 0.0825, 0.9772, 0.0170
44.1335, 0.0827, 0.9773, 0.0166
44.1385, 0.0830, 0.9776, 0.0165
44.1436, 0.0824, 0.9783, 0.0161
44.1486, 0.0810, 0.9782, 0.0161
44.1536, 0.0801, 0.9780, 0.0166
44.1586, 0.0804, 0.9782, 0.0159
44.1636, 0.0808, 0.9780, 0.0159
44.1687, 0.0813, 0.9776, 0.0169
44.1737, 0.0825, 0.9776, 0.0164
44.1787, 0.0842, 0.9777, 0.0156
44.1837, 0.0857, 0.9778, 0.0158
44.1887, 0.0860, 0.9773, 0.0161
44.1938, 0.0857, 0.9771, 0.0161
44.1988, 0.0847, 0.9773, 0.0157
44.2038, 0.0838, 0.9775, 0.0155
44.2088, 0.0839, 0.9773, 0.0158
44.2138, 0.0849, 0.9774, 0.0151
44.2189, 0.0858, 0.9773, 0.0146
44.2239, 0.0862, 0.9776, 0.0148
44.2289, 0.0858, 0.9780, 0.0153
44.2339, 0.0854, 0.9779, 0.0162
44.2389, 0.0846, 0.9777, 0.0170
44.2440, 0.0834, 0.9778, 0.0176
44.2490, 0.0819, 0.9783, 0.0185
44.2540, 0.0804, 0.9783, 0.0188
44.2590, 0.0797, 0.9779, 0.0189
44.2640, 0.0803, 0.9772, 0.0173
44.2691, 0.0821, 0.9766, 0.0149
44.2741, 0.0841, 0.9764, 0.0139
44.2791, 0.0843, 0.9765, 0.0145
44.2841, 0.0835, 0.9768, 0.0154
44.2891, 0.0826, 0.9766, 0.0161
44.2942, 0.0822, 0.9766, 0.0164
44.2992, 0.0815, 0.9768, 0.0170
44.3042, 0.0804, 0.9767, 0.0171
44.3092, 0.0795, 0.9764, 0.0175
44.3142, 0.0790, 0.9760, 0.0180
44.3193, 0.0792, 0.9755, 0.0181
44.3243, 0.0788, 0.9751, 0.0180
44.3293, 0.0784, 0.9751, 0.0179
44.3343, 0.0789, 0.9753, 0.0185
44.3393, 0.0809, 0.9754, 0.0190
44.3444, 0.0828, 0.9751, 0.0187
44.3494, 0.0837, 0.9756, 0.0181
44.3544, 0.0835, 0.9761, 0.0173
44.3594, 0.0826, 0.9760, 0.0164
44.3644, 0.0818, 0.9761, 0.0154
44.3695, 0.0816, 0.9762, 0.0150
44.3745, 0.0821, 0.9763, 0.0154
44.3795, 0.0829, 0.9761, 0.0155
44.3845, 0.0839, 0.9759, 0.0157
44.3896, 0.0845, 0.9757, 0.0163
44.3946, 0.0832, 0.9759, 0.0163
44.3996, 0.0811, 0.9757, 0.0162
44.4046, 0.0798, 0.9756, 0.0167
44.4096, 0.0797, 0.9760, 0.0168
44.4147, 0.0808, 0.9765, 0.0169
44.4197, 0.0825, 0.9770, 0.0175
44.4247, 0.0835, 0.9768, 0.0177
44.4297, 0.0843, 0.9768, 0.0179
44.4347, 0.0850, 0.9767, 0.0180
44.4398, 0.0851, 0.9767, 0.0184
44.4448, 0.0855, 0.9772, 0.0190
44.4498, 0.0849, 0.9776, 0.0191
44.4548, 0.0837, 0.9778, 0.0191
44.4598, 0.0819, 0.9781, 0.0189
44.4649, 0.0813, 0.9781, 0.0187
44.4699, 0.0820, 0.9778, 0.0181
44.4749, 0.0829, 0.9774, 0.0173
44.4799, 0.0830, 0.9775, 0.0169
44.4850, 0.0824, 0.9782, 0.0164
44.4900, 0.0818, 0.9784, 0.0164
44.4950, 0.0818, 0.9780, 0.0159
44.5000, 0.0818, 0.9774, 0.0160
44.5050, 0.0816, 0.9769, 0.0163
44.5100, 0.0813, 0.9763, 0.0167
44.5151, 0.0811, 0.9759, 0.0166
44.5201, 0.0812, 0.9759, 0.0169
44.5251, 0.0810, 0.9757, 0.0175
44.5301, 0.0805, 0.9758, 0.0174
44.5352, 0.0808, 0.9764, 0.0173
44.5402, 0.0822, 0.9767, 0.0171
44.5452, 0.0837, 0.9770, 0.0169
44.5502, 0.0843, 0.9772, 0.0161
44.5552, 0.0840, 0.9771, 0.0158
44.5603, 0.0835, 0.9772, 0.0154
44.5653, 0.0835, 0.9775, 0.0146
44.5703, 0.0841, 0.9775, 0.0143
44.5753, 0.0846, 0.9774, 0.0138
44.5804, 0.0842, 0.9777, 0.0133
44.5854, 0.0839, 0.9779, 0.0131
44.5904, 0.0836, 0.9781, 0.0133
44.5954, 0.0830, 0.9780, 0.0142
44.6004, 0.0828, 0.9781, 0.0147
44.6055, 0.0832, 0.9780, 0.0151
44.6105, 0.0845, 0.9777, 0.0152
44.6155, 0.0859, 0.9777, 0.0150
44.6205, 0.0869, 0.9776, 0.0149
44.6255, 0.0871, 0.9771, 0.0157
44.6306, 0.0865, 0.9767, 0.0163
44.6356, 0.0864, 0.9765, 0.0154
44.6406, 0.0871, 0.9762, 0.0148
44.6456, 0.0882, 0.9759, 0.0147
44.6506, 0.0885, 0.9754, 0.0144
44.6557, 0.0881, 0.9748, 0.0158
44.6607, 0.0862, 0.9746, 0.0163
44.6657, 0.0832, 0.9745, 0.0168
44.6707, 0.0806, 0.9745, 0.0168
44.6758, 0.0801, 0.9750, 0.0161
44.6808, 0.0807, 0.9759, 0.0167
44.6858, 0.0812, 0.9766, 0.0164
44.6908, 0.0811, 0.9767, 0.0157
44.6959, 0.0815, 0.9768, 0.0155
44.7009, 0.0817, 0.9767, 0.0157
44.7059, 0.0819, 0.9765, 0.0158
44.7109, 0.0823, 0.9766, 0.0151
44.7159, 0.0827, 0.9766, 0.0147
44.7210, 0.0837, 0.9766, 0.0143
44.7260, 0.0848, 0.9769, 0.0134
44.7310, 0.0854, 0.9771, 0.0130
44.7360, 0.0860, 0.9771, 0.0130
44.7410, 0.0861, 0.9773, 0.0135
44.7461, 0.0860, 0.9774, 0.0140
44.7511, 0.0849, 0.9770, 0.0147
44.7561, 0.0833, 0.9768, 0.0163
44.7611, 0.0819, 0.9767, 0.0174
44.7661, 0.0815, 0.9772, 0.0180
44.7712, 0.0820, 0.9778, 0.0186
44.7762, 0.0830, 0.9778, 0.0187
44.7812, 0.0844, 0.9778, 0.0176
44.7862, 0.0853, 0.9779, 0.0163
44.7912, 0.0849, 0.9777, 0.0158
44.7963, 0.0839, 0.9774, 0.0158
44.8013, 0.0822, 0.9774, 0.0153
44.8063, 0.0809, 0.9774, 0.0141
44.8113, 0.0817, 0.9770, 0.0132
44.8163, 0.0831, 0.9768, 0.0131
44.8214, 0.0836, 0.9769, 0.0138
44.8264, 0.0830, 0.9770, 0.0154
44.8314, 0.0826, 0.9770, 0.0170
44.8364, 0.0828, 0.9768, 0.0180
44.8414, 0.0828, 0.9766, 0.0173
44.8465, 0.0831, 0.9767, 0.0166
44.8515, 0.0830, 0.9770, 0.0162
44.8565, 0.0831, 0.9772, 0.0160
44.8615, 0.0836, 0.9773, 0.0151
44.8665, 0.0841, 0.9775, 0.0136
44.8716, 0.0852, 0.9777, 0.0126
44.8766, 0.0858, 0.9774, 0.0122
44.8816, 0.0859, 0.9770, 0.0121
44.8866, 0.0865, 0.9768, 0.0124
44.8917, 0.0873, 0.9770, 0.0128
44.8967, 0.0877, 0.9775, 0.0130
44.9017, 0.0875, 0.9776, 0.0132
44.9067, 0.0870, 0.9779, 0.0136
44.9118, 0.0867, 0.9782, 0.0141
44.9168, 0.0863, 0.9781, 0.0146
44.9218, 0.0851, 0.9780, 0.0157
44.9268, 0.0833, 0.9777, 0.0168
44.9318, 0.0807, 0.9773, 0.0177
44.9369, 0.0786, 0.9770, 0.0188
44.9419, 0.0780, 0.9766, 0.0187
44.9469, 0.0781, 0.9766, 0.0185
44.9519, 0.0786, 0.9767, 0.0184
44.9569, 0.0798, 0.9772, 0.0177
44.9620, 0.0818, 0.9772, 0.0164
44.9670, 0.0841, 0.9773, 0.0153
44.9720, 0.0865, 0.9771, 0.0153
44.9770, 0.0874, 0.9768, 0.0161
44.9820, 0.0863, 0.9766, 0.0174
44.9871, 0.0844, 0.9764, 0.0178
44.9921, 0.0833, 0.9767, 0.0185
44.9971, 0.0828, 0.9770, 0.0187
45.0021, 0.0827, 0.9771, 0.0190
45.0072, 0.0830, 0.9767, 0.0189
45.0122, 0.0832, 0.9765, 0.0184
45.0172, 0.0830, 0.9765, 0.0170
45.0222, 0.0829, 0.9768, 0.0163
45.0272, 0.0821, 0.9766, 0.0155
45.0322, 0.0818, 0.9765, 0.0152
45.0373, 0.0823, 0.9769, 0.0155
45.0423, 0.0825, 0.9768, 0.0152
45.0473, 0.0825, 0.9768, 0.0146
45.0523, 0.0825, 0.9767, 0.0146
45.0574, 0.0835, 0.9764, 0.0145
45.0624, 0.0848, 0.9764, 0.0144
45.0674, 0.0859, 0.9765, 0.0137
45.0724, 0.0863, 0.9767, 0.0130
45.0774, 0.0865, 0.9769, 0.0131
45.0825, 0.0870, 0.9772, 0.0140
45.0875, 0.0867, 0.9778, 0.0154
45.0925, 0.0847, 0.9776, 0.0166
45.0975, 0.0824, 0.9775, 0.0170
45.1026, 0.0818, 0.9775, 0.0178
45.1076, 0.0825, 0.9775, 0.0177
45.1126, 0.0830, 0.9770, 0.0175
45.1176, 0.0829, 0.9764, 0.0172
45.1227, 0.0821, 0.9760, 0.0170
45.1277, 0.0811, 0.9760, 0.0165
45.1327, 0.0802, 0.9761, 0.0160
45.1377, 0.0800, 0.9764, 0.0147
45.1428, 0.0812, 0.9768, 0.0143
45.1478, 0.0834, 0.9772, 0.0153
45.1528, 0.0850, 0.9773, 0.0161
45.1578, 0.0850, 0.9776, 0.0163
45.1628, 0.0843, 0.9775, 0.0163
45.1679, 0.0835, 0.9776, 0.0165
45.1729, 0.0827, 0.9777, 0.0171
45.1779, 0.0821, 0.9779, 0.0176
45.1829, 0.0823, 0.9782, 0.0178
45.1879, 0.0826, 0.9777, 0.0181
45.1930, 0.0818, 0.9770, 0.0181
45.1980, 0.0803, 0.9760, 0.0176
45.2030, 0.0795, 0.9753, 0.0171
45.2080, 0.0798, 0.9750, 0.0167
45.2130, 0.0806, 0.9752, 0.0160
45.2181, 0.0819, 0.9758, 0.0156
45.2231, 0.0829, 0.9763, 0.0145
45.2281, 0.0844, 0.9770, 0.0148
45.2331, 0.0854, 0.9772, 0.0146
45.2382, 0.0854, 0.9770, 0.0137
45.2432, 0.0851, 0.9774, 0.0134
45.2482, 0.0851, 0.9777, 0.0133
45.2532, 0.0858, 0.9775, 0.0139
45.2582, 0.0868, 0.9771, 0.0144
45.2632, 0.0876, 0.9768, 0.0147
45.2683, 0.0872, 0.9763, 0.0154
45.2733, 0.0862, 0.9756, 0.0169
45.2783, 0.0854, 0.9751, 0.0186
45.2833, 0.0846, 0.9747, 0.0190
45.2883, 0.0839, 0.9746, 0.0184
45.2934, 0.0831, 0.9749, 0.0182
45.2984, 0.0829, 0.9754, 0.0184
45.3034, 0.0826, 0.9757, 0.0183
45.3084, 0.0818, 0.9762, 0.0182
45.3134, 0.0811, 0.9767, 0.0184
45.3184, 0.0809, 0.9770, 0.0183
45.3235, 0.0819, 0.9770, 0.0178
45.3285, 0.0835, 0.9770, 0.0172
45.3335, 0.0846, 0.9769, 0.0167
45.3385, 0.0853, 0.9769, 0.0163
45.3436, 0.0845, 0.9769, 0.0160
45.3486, 0.0836, 0.9767, 0.0161
45.3536, 0.0830, 0.9765, 0.0155
45.3586, 0.0834, 0.9762, 0.0148
45.3636, 0.0841, 0.9760, 0.0147
45.3687, 0.0849, 0.9760, 0.0148
45.3737, 0.0856, 0.9763, 0.0156
45.3787, 0.0852, 0.9765, 0.0165
45.3837, 0.0832, 0.9764, 0.0177
45.3888, 0.0811, 0.9768, 0.0190
45.3938, 0.0806, 0.9772, 0.0195
45.3988, 0.0810, 0.9772, 0.0192
45.4038, 0.0822, 0.9774, 0.0177
45.4089, 0.0836, 0.9773, 0.0165
45.4139, 0.0842, 0.9771, 0.0150
45.4189, 0.0840, 0.9769, 0.0143
45.4239, 0.0838, 0.9765, 0.0143
45.4289, 0.0838, 0.9763, 0.0151
45.4340, 0.0839, 0.9763, 0.0162
45.4390, 0.0841, 0.9763, 0.0175
45.4440, 0.0844, 0.9762, 0.0181
45.4490, 0.0849, 0.9765, 0.0178
45.4540, 0.0855, 0.9761, 0.0168
45.4591, 0.0859, 0.9758, 0.0156
45.4641, 0.0857, 0.9753, 0.0144
45.4691, 0.0847, 0.9752, 0.0138
45.4741, 0.0838, 0.9754, 0.0137
45.4791, 0.0839, 0.9761, 0.0136
45.4842, 0.0847, 0.9767, 0.0135
45.4892, 0.0849, 0.9769, 0.0142
45.4942, 0.0845, 0.9768, 0.0154
45.4992, 0.0837, 0.9768, 0.0167
45.5042, 0.0829, 0.9770, 0.0174
45.5093, 0.0825, 0.9769, 0.0185
45.5143, 0.0822, 0.9765, 0.0198
45.5193, 0.0822, 0.9767, 0.0205
45.5243, 0.0830, 0.9771, 0.0207
45.5294, 0.0836, 0.9772, 0.0200
45.5344, 0.0834, 0.9771, 0.0188
45.5394, 0.0835, 0.9774, 0.0179
45.5444, 0.0840, 0.9775, 0.0174
45.5494, 0.0851, 0.9775, 0.0170
45.5545, 0.0864, 0.9775, 0.0159
45.5595, 0.0871, 0.9774, 0.0151
45.5645, 0.0870, 0.9773, 0.0147
45.5695, 0.0865, 0.9771, 0.0139
45.5745, 0.0865, 0.9770, 0.0138
45.5796, 0.0866, 0.9768, 0.0136
45.5846, 0.0861, 0.9765, 0.0137
45.5896, 0.0851, 0.9760, 0.0139
45.5946, 0.0849, 0.9756, 0.0144
45.5997, 0.0852, 0.9756, 0.0148
45.6047, 0.0846, 0.9759, 0.0156
45.6097, 0.0836, 0.9761, 0.0159
45.6147, 0.0827, 0.9763, 0.0159
45.6197, 0.0827, 0.9770, 0.0159
45.6247, 0.0833, 0.9775, 0.0158
45.6298, 0.0841, 0.9779, 0.0153
45.6348, 0.0849, 0.9785, 0.0146
45.6398, 0.0852, 0.9785, 0.0142
45.6448, 0.0845, 0.9781, 0.0139
45.6498, 0.0830, 0.9775, 0.0134
45.6549, 0.0817, 0.9771, 0.0134
45.6599, 0.0816, 0.9765, 0.0135
45.6649, 0.0825, 0.9762, 0.0130
45.6699, 0.0836, 0.9760, 0.0130
45.6750, 0.0849, 0.9758, 0.0137
45.6800, 0.0853, 0.9758, 0.0140
45.6850, 0.0851, 0.9763, 0.0139
45.6900, 0.0843, 0.9763, 0.0147
45.6950, 0.0840, 0.9763, 0.0149
45.7001, 0.0845, 0.9765, 0.0148
45.7051, 0.0849, 0.9762, 0.0151
45.7101, 0.0843, 0.9762, 0.0151
45.7151, 0.0834, 0.9762, 0.0151
45.7201, 0.0833, 0.9761, 0.0155
45.7252, 0.0836, 0.9762, 0.0156
45.7302, 0.0835, 0.9763, 0.0159
45.7352, 0.0833, 0.9766, 0.0157
45.7402, 0.0843, 0.9770, 0.0155
45.7452, 0.0852, 0.9774, 0.0154
45.7502, 0.0850, 0.9770, 0.0155
45.7553, 0.0842, 0.9769, 0.0158
45.7603, 0.0838, 0.9768, 0.0158
45.7653, 0.0840, 0.9766, 0.0156
45.7703, 0.0842, 0.9769, 0.0161
45.7753, 0.0838, 0.9776, 0.0164
45.7804, 0.0832, 0.9781, 0.0170
45.7854, 0.0829, 0.9780, 0.0176
45.7904, 0.0835, 0.9778, 0.0177
45.7954, 0.0838, 0.9775, 0.0171
45.8004, 0.0837, 0.9773, 0.0166
45.8055, 0.0833, 0.9772, 0.0161
45.8105, 0.0825, 0.9771, 0.0160
45.8155, 0.0824, 0.9767, 0.0159
45.8205, 0.0835, 0.9761, 0.0157
45.8255, 0.0865, 0.9760, 0.0157
45.8306, 0.0890, 0.9759, 0.0160
45.8356, 0.0892, 0.9757, 0.0164
45.8406, 0.0883, 0.9756, 0.0167
45.8456, 0.0876, 0.9758, 0.0164
45.8507, 0.0868, 0.9762, 0.0171
45.8557, 0.0854, 0.9763, 0.0182
45.8607, 0.0832, 0.9762, 0.0194
45.8657, 0.0816, 0.9762, 0.0196
45.8707, 0.0811, 0.9763, 0.0190
45.8758, 0.0813, 0.9763, 0.0174
45.8808, 0.0816, 0.9762, 0.0155
45.8858, 0.0825, 0.9761, 0.0139
45.8908, 0.0843, 0.9757, 0.0125
45.8958, 0.0857, 0.9755, 0.0122
45.9008, 0.0860, 0.9758, 0.0128
45.9059, 0.0858, 0.9762, 0.0143
45.9109, 0.0860, 0.9766, 0.0156
45.9159, 0.0861, 0.9772, 0.0162
45.9209, 0.0862, 0.9774, 0.0170
45.9259, 0.0863, 0.9772, 0.0171
45.9310, 0.0860, 0.9769, 0.0172
45.9360, 0.0853, 0.9772, 0.0171
45.9410, 0.0837, 0.9779, 0.0171
45.9460, 0.0823, 0.9783, 0.0174
45.9510, 0.0819, 0.9782, 0.0177
45.9561, 0.0823, 0.9785, 0.0180
45.9611, 0.0824, 0.9785, 0.0177
45.9661, 0.0829, 0.9780, 0.0171
45.9711, 0.0842, 0.9773, 0.0162
45.9761, 0.0859, 0.9767, 0.0155
45.9812, 0.0873, 0.9766, 0.0151
45.9862, 0.0883, 0.9769, 0.0155
45.9912, 0.0877, 0.9772, 0.0163
45.9962, 0.0860, 0.9775, 0.0170
46.0012, 0.0843, 0.9780, 0.0176
46.0063, 0.0832, 0.9782, 0.0176
46.0113, 0.0834, 0.9785, 0.0172
46.0163, 0.0841, 0.9787, 0.0173
46.0213, 0.0841, 0.9786, 0.0172
46.0264, 0.0831, 0.9783, 0.0175
46.0314, 0.0826, 0.9778, 0.0177
46.0364, 0.0827, 0.9772, 0.0186
46.0414, 0.0826, 0.9768, 0.0184
46.0464, 0.0818, 0.9766, 0.0178
46.0514, 0.0811, 0.9770, 0.0170
46.0565, 0.0805, 0.9774, 0.0167
46.0615, 0.0809, 0.9773, 0.0166
46.0665, 0.0822, 0.9774, 0.0164
46.0715, 0.0836, 0.9779, 0.0157
46.0765, 0.0846, 0.9784, 0.0160
46.0816, 0.0852, 0.9781, 0.0169
46.0866, 0.0858, 0.9777, 0.0171
46.0916, 0.0858, 0.9769, 0.0172
46.0966, 0.0855, 0.9763, 0.0170
46.1017, 0.0849, 0.9764, 0.0163
46.1067, 0.0844, 0.9769, 0.0170
46.1117, 0.0846, 0.9769, 0.0177
46.1167, 0.0851, 0.9766, 0.0172
46.1217, 0.0854, 0.9762, 0.0163
46.1268, 0.0853, 0.9756, 0.0154
46.1318, 0.0846, 0.9753, 0.0150
46.1368, 0.0840, 0.9755, 0.0151
46.1418, 0.0833, 0.9756, 0.0155
46.1468, 0.0826, 0.9756, 0.0158
46.1519, 0.0820, 0.9758, 0.0158
46.1569, 0.0827, 0.9766, 0.0151
46.1619, 0.0837, 0.9770, 0.0146
46.1669, 0.0843, 0.9774, 0.0156
46.1719, 0.0839, 0.9779, 0.0167
46.1770, 0.0829, 0.9780, 0.0173
46.1820, 0.0827, 0.9779, 0.0177
46.1870, 0.0834, 0.9774, 0.0170
46.1920, 0.0839, 0.9773, 0.0162
46.1970, 0.0837, 0.9773, 0.0162
46.2021, 0.0834, 0.9772, 0.0159
46.2071, 0.0836, 0.9770, 0.0155
46.2121, 0.0839, 0.9767, 0.0147
46.2171, 0.0842, 0.9766, 0.0142
46.2222, 0.0844, 0.9769, 0.0145
46.2272, 0.0852, 0.9772, 0.0150
46.2322, 0.0861, 0.9772, 0.0156
46.2372, 0.0866, 0.9770, 0.0161
46.2422, 0.0863, 0.9767, 0.0169
46.2473, 0.0856, 0.9765, 0.0181
46.2523, 0.0843, 0.9764, 0.0188
46.2573, 0.0830, 0.9763, 0.0194
46.2623, 0.0821, 0.9765, 0.0189
46.2673, 0.0819, 0.9758, 0.0177
46.2724, 0.0827, 0.9750, 0.0176
46.2774, 0.0837, 0.9742, 0.0174
46.2824, 0.0841, 0.9742, 0.0178
46.2874, 0.0832, 0.9744, 0.0181
46.2924, 0.0819, 0.9747, 0.0181
46.2975, 0.0814, 0.9750, 0.0182
46.3025, 0.0813, 0.9755, 0.0194
46.3075, 0.0816, 0.9758, 0.0204
46.3125, 0.0822, 0.9765, 0.0207
46.3175, 0.0831, 0.9772, 0.0200
46.3226, 0.0838, 0.9772, 0.0199
46.3276, 0.0843, 0.9772, 0.0193
46.3326, 0.0842, 0.9774, 0.0183
46.3376, 0.0839, 0.9775, 0.0174
46.3427, 0.0838, 0.9778, 0.0161
46.3477, 0.0840, 0.9777, 0.0149
46.3527, 0.0837, 0.9778, 0.0141
46.3577, 0.0829, 0.9779, 0.0139
46.3628, 0.0827, 0.9780, 0.0145
46.3678, 0.0830, 0.9785, 0.0144
46.3728, 0.0831, 0.9787, 0.0145
46.3778, 0.0834, 0.9790, 0.0148
46.3828, 0.0849, 0.9789, 0.0148
46.3879, 0.0869, 0.9785, 0.0151
46.3929, 0.0884, 0.9777, 0.0158
46.3979, 0.0887, 0.9771, 0.0168
46.4029, 0.0879, 0.9769, 0.0175
46.4079, 0.0861, 0.9769, 0.0174
46.4130, 0.0847, 0.9766, 0.0175
46.4180, 0.0846, 0.9767, 0.0181
46.4230, 0.0843, 0.9766, 0.0179
46.4280, 0.0837, 0.9766, 0.0180
46.4330, 0.0832, 0.9769, 0.0180
46.4381, 0.0833, 0.9771, 0.0173
46.4431, 0.0845, 0.9764, 0.0164
46.4481, 0.0861, 0.9760, 0.0163
46.4531, 0.0871, 0.9763, 0.0161
46.4581, 0.0876, 0.9766, 0.0154
46.4631, 0.0879, 0.9765, 0.0148
46.4682, 0.0882, 0.9762, 0.0143
46.4732, 0.0873, 0.9760, 0.0145
46.4782, 0.0850, 0.9763, 0.0152
46.4832, 0.0821, 0.9772, 0.0165
46.4882, 0.0796, 0.9778, 0.0159
46.4933, 0.0818, 0.9777, 0.0156
46.4983, 0.0844, 0.9773, 0.0157
46.5033, 0.0844, 0.9768, 0.0161
46.5083, 0.0823, 0.9762, 0.0166
46.5133, 0.0807, 0.9761, 0.0165
46.5184, 0.0804, 0.9757, 0.0171
46.5234, 0.0816, 0.9757, 0.0175
46.5284, 0.0825, 0.9757, 0.0169
46.5334, 0.0828, 0.9755, 0.0167
46.5384, 0.0831, 0.9757, 0.0162
46.5435, 0.0842, 0.9762, 0.0154
46.5485, 0.0857, 0.9764, 0.0146
46.5535, 0.0868, 0.9770, 0.0140
46.5585, 0.0872, 0.9777, 0.0140
46.5635, 0.0875, 0.9778, 0.0146
46.5686, 0.0875, 0.9775, 0.0156
46.5736, 0.0871, 0.9775, 0.0165
46.5786, 0.0860, 0.9775, 0.0166
46.5836, 0.0841, 0.9772, 0.0167
46.5887, 0.0826, 0.9773, 0.0168
46.5937, 0.0820, 0.9772, 0.0167
46.5987, 0.0818, 0.9771, 0.0164
46.6037, 0.0821, 0.9770, 0.0157
46.6087, 0.0832, 0.9767, 0.0151
46.6137, 0.0844, 0.9764, 0.0149
46.6188, 0.0854, 0.9758, 0.0149
46.6238, 0.0858, 0.9753, 0.0151
46.6288, 0.0864, 0.9753, 0.0154
46.6338, 0.0869, 0.9750, 0.0156
46.6389, 0.0865, 0.9749, 0.0160
46.6439, 0.0857, 0.9753, 0.0170
46.6489, 0.0847, 0.9758, 0.0173
46.6539, 0.0836, 0.9761, 0.0174
46.6590, 0.0831, 0.9767, 0.0169
46.6640, 0.0830, 0.9771, 0.0161
46.6690, 0.0830, 0.9776, 0.0160
46.6740, 0.0838, 0.9778, 0.0157
46.6790, 0.0846, 0.9782, 0.0154
46.6841, 0.0852, 0.9782, 0.0152
46.6891, 0.0850, 0.9779, 0.0154
46.6941, 0.0845, 0.9775, 0.0150
46.6991, 0.0845, 0.9771, 0.0147
46.7042, 0.0846, 0.9768, 0.0147
46.7092, 0.0846, 0.9767, 0.0142
46.7142, 0.0844, 0.9766, 0.0136
46.7192, 0.0857, 0.9767, 0.0135
46.7242, 0.0872, 0.9772, 0.0132
46.7293, 0.0888, 0.9775, 0.0134
46.7343, 0.0905, 0.9777, 0.0145
46.7393, 0.0907, 0.9779, 0.0159
46.7443, 0.0888, 0.9779, 0.0163
46.7494, 0.0866, 0.9779, 0.0166
46.7544, 0.0853, 0.9776, 0.0167
46.7594, 0.0851, 0.9768, 0.0166
46.7644, 0.0855, 0.9762, 0.0164
46.7694, 0.0855, 0.9756, 0.0164
46.7744, 0.0845, 0.9755, 0.0167
46.7795, 0.0831, 0.9759, 0.0172
46.7845, 0.0825, 0.9766, 0.0177
46.7895, 0.0835, 0.9773, 0.0178
46.7945, 0.0851, 0.9775, 0.0177
46.7995, 0.0855, 0.9780, 0.0176
46.8046, 0.0854, 0.9779, 0.0171
46.8096, 0.0858, 0.9775, 0.0167
46.8146, 0.0862, 0.9774, 0.0168
46.8196, 0.0862, 0.9773, 0.0170
46.8247, 0.0862, 0.9771, 0.0162
46.8297, 0.0867, 0.9769, 0.0154
46.8347, 0.0865, 0.9767, 0.0150
46.8397, 0.0863, 0.9760, 0.0149
46.8447, 0.0859, 0.9760, 0.0156
46.8498, 0.0848, 0.9765, 0.0161
46.8548, 0.0838, 0.9770, 0.0154
46.8598, 0.0835, 0.9773, 0.0149
46.8648, 0.0841, 0.9772, 0.0140
46.8699, 0.0846, 0.9770, 0.0138
46.8749, 0.0848, 0.9767, 0.0146
46.8799, 0.0846, 0.9765, 0.0156
46.8849, 0.0853, 0.9761, 0.0159
46.8899, 0.0877, 0.9757, 0.0154
46.8950, 0.0890, 0.9755, 0.0152
46.9000, 0.0877, 0.9754, 0.0153
46.9050, 0.0854, 0.9757, 0.0156
46.9100, 0.0842, 0.9755, 0.0163
46.9150, 0.0837, 0.9754, 0.0168
46.9201, 0.0836, 0.9757, 0.0171
46.9251, 0.0844, 0.9758, 0.0167
46.9301, 0.0855, 0.9759, 0.0166
46.9351, 0.0866, 0.9758, 0.0159
46.9401, 0.0878, 0.9759, 0.0149
46.9452, 0.0881, 0.9763, 0.0147
46.9502, 0.0876, 0.9769, 0.0148
46.9552, 0.0872, 0.9769, 0.0144
46.9602, 0.0881, 0.9768, 0.0148
46.9652, 0.0898, 0.9769, 0.0147
46.9703, 0.0904, 0.9767, 0.0149
46.9753, 0.0900, 0.9766, 0.0155
46.9803, 0.0894, 0.9768, 0.0153
46.9853, 0.0885, 0.9773, 0.0154
46.9903, 0.0873, 0.9776, 0.0156
46.9953, 0.0860, 0.9775, 0.0161
47.0004, 0.0844, 0.9772, 0.0162
47.0054, 0.0821, 0.9772, 0.0162
47.0104, 0.0796, 0.9769, 0.0168
47.0154, 0.0778, 0.9769, 0.0178
47.0205, 0.0780, 0.9771, 0.0174
47.0255, 0.0793, 0.9771, 0.0164
47.0305, 0.0804, 0.9769, 0.0157
47.0355, 0.0815, 0.9765, 0.0156
47.0405, 0.0830, 0.9762, 0.0163
47.0456, 0.0846, 0.9760, 0.0165
47.0506, 0.0860, 0.9761, 0.0171
47.0556, 0.0878, 0.9764, 0.0175
47.0606, 0.0897, 0.9767, 0.0175
47.0656, 0.0904, 0.9770, 0.0178
47.0707, 0.0896, 0.9774, 0.0183
47.0757, 0.0875, 0.9775, 0.0183
47.0807, 0.0850, 0.9776, 0.0182
47.0857, 0.0834, 0.9777, 0.0175
47.0908, 0.0830, 0.9776, 0.0159
47.0958, 0.0829, 0.9776, 0.0148
47.1008, 0.0826, 0.9777, 0.0143
47.1058, 0.0825, 0.9779, 0.0140
47.1108, 0.0829, 0.9782, 0.0141
47.1159, 0.0835, 0.9782, 0.0147
47.1209, 0.0842, 0.9779, 0.0154
47.1259, 0.0854, 0.9774, 0.0153
47.1309, 0.0867, 0.9771, 0.0153
47.1359, 0.0873, 0.9771, 0.0158
47.1410, 0.0870, 0.9771, 0.0162
47.1460, 0.0868, 0.9770, 0.0167
47.1510, 0.0871, 0.9768, 0.0165
47.1560, 0.0871, 0.9768, 0.0157
47.1610, 0.0863, 0.9766, 0.0158
47.1661, 0.0854, 0.9767, 0.0162
47.1711, 0.0848, 0.9772, 0.0167
47.1761, 0.0849, 0.9773, 0.0177
47.1811, 0.0849, 0.9775, 0.0180
47.1862, 0.0842, 0.9771, 0.0178
47.1912, 0.0839, 0.9766, 0.0174
47.1962, 0.0851, 0.9764, 0.0169
47.2012, 0.0872, 0.9762, 0.0163
47.2062, 0.0882, 0.9763, 0.0155
47.2113, 0.0874, 0.9765, 0.0148
47.2163, 0.0867, 0.9766, 0.0146
47.2213, 0.0870, 0.9764, 0.0149
47.2263, 0.0876, 0.9761, 0.0158
47.2314, 0.0881, 0.9761, 0.0160
47.2364, 0.0878, 0.9760, 0.0159
47.2414, 0.0870, 0.9762, 0.0159
47.2464, 0.0856, 0.9763, 0.0164
47.2514, 0.0851, 0.9762, 0.0172
47.2564, 0.0855, 0.9769, 0.0173
47.2615, 0.0861, 0.9772, 0.0174
47.2665, 0.0865, 0.9775, 0.0170
47.2715, 0.0863, 0.9776, 0.0160
47.2765, 0.0861, 0.9776, 0.0154
47.2816, 0.0861, 0.9774, 0.0158
47.2866, 0.0863, 0.9773, 0.0165
47.2916, 0.0860, 0.9772, 0.0169
47.2966, 0.0860, 0.9769, 0.0170
47.3016, 0.0863, 0.9770, 0.0167
47.3067, 0.0865, 0.9772, 0.0166
47.3117, 0.0860, 0.9772, 0.0164
47.3167, 0.0846, 0.9773, 0.0164
47.3217, 0.0833, 0.9773, 0.0159
47.3267, 0.0831, 0.9775, 0.0150
47.3318, 0.0843, 0.9775, 0.0146
47.3368, 0.0857, 0.9777, 0.0147
47.3418, 0.0867, 0.9779, 0.0153
47.3468, 0.0865, 0.9782, 0.0162
47.3518, 0.0855, 0.9785, 0.0170
47.3569, 0.0842, 0.9783, 0.0180
47.3619, 0.0832, 0.9781, 0.0184
47.3669, 0.0826, 0.9779, 0.0185
47.3719, 0.0828, 0.9776, 0.0179
47.3769, 0.0833, 0.9774, 0.0166
47.3820, 0.0838, 0.9774, 0.0156
47.3870, 0.0845, 0.9771, 0.0147
47.3920, 0.0855, 0.9765, 0.0142
47.3970, 0.0862, 0.9763, 0.0144
47.4020, 0.0863, 0.9760, 0.0153
47.4070, 0.0858, 0.9761, 0.0162
47.4121, 0.0855, 0.9763, 0.0171
47.4171, 0.0857, 0.9771, 0.0179
47.4221, 0.0859, 0.9773, 0.0180
47.4271, 0.0858, 0.9771, 0.0181
47.4322, 0.0848, 0.9765, 0.0181
47.4372, 0.0835, 0.9763, 0.0179
47.4422, 0.0826, 0.9761, 0.0180
47.4472, 0.0829, 0.9763, 0.0179
47.4522, 0.0831, 0.9765, 0.0174
47.4573, 0.0833, 0.9769, 0.0170
47.4623, 0.0837, 0.9774, 0.0158
47.4673, 0.0845, 0.9775, 0.0152
47.4723, 0.0855, 0.9773, 0.0151
47.4773, 0.0864, 0.9773, 0.0148
47.4824, 0.0865, 0.9771, 0.0148
47.4874, 0.0866, 0.9770, 0.0147
47.4924, 0.0868, 0.9766, 0.0151
47.4974, 0.0877, 0.9763, 0.0147
47.5025, 0.0882, 0.9756, 0.0145
47.5075, 0.0887, 0.9754, 0.0155
47.5125, 0.0882, 0.9756, 0.0166
47.5175, 0.0873, 0.9760, 0.0166
47.5225, 0.0861, 0.9760, 0.0164
47.5276, 0.0854, 0.9764, 0.0164
47.5326, 0.0851, 0.9767, 0.0158
47.5376, 0.0847, 0.9772, 0.0146
47.5426, 0.0842, 0.9776, 0.0148
47.5476, 0.0845, 0.9777, 0.0162
47.5527, 0.0851, 0.9777, 0.0173
47.5577, 0.0825, 0.9779, 0.0178
47.5627, 0.0825, 0.9777, 0.0173
47.5677, 0.0878, 0.9772, 0.0165
47.5728, 0.0924, 0.9767, 0.0155
47.5778, 0.0927, 0.9770, 0.0158
47.5828, 0.0903, 0.9776, 0.0158
47.5878, 0.0877, 0.9780, 0.0160
47.5928, 0.0852, 0.9778, 0.0165
47.5979, 0.0835, 0.9774, 0.0172
47.6029, 0.0823, 0.9772, 0.0177
47.6079, 0.0815, 0.9765, 0.0180
47.6129, 0.0818, 0.9761, 0.0180
47.6179, 0.0837, 0.9758, 0.0177
47.6230, 0.0862, 0.9754, 0.0167
47.6280, 0.0882, 0.9755, 0.0153
47.6330, 0.0898, 0.9755, 0.0141
47.6380, 0.0914, 0.9758, 0.0139
47.6430, 0.0917, 0.9761, 0.0144
47.6481, 0.0908, 0.9761, 0.0150
47.6531, 0.0892, 0.9759, 0.0161
47.6581, 0.0878, 0.9757, 0.0172
47.6631, 0.0877, 0.9755, 0.0180
47.6681, 0.0883, 0.9757, 0.0178
47.6731, 0.0888, 0.9757, 0.0176
47.6782, 0.0888, 0.9755, 0.0178
47.6832, 0.0878, 0.9753, 0.0180
47.6882, 0.0860, 0.9752, 0.0177
47.6932, 0.0843, 0.9756, 0.0177
47.6983, 0.0840, 0.9761, 0.0180
47.7033, 0.0854, 0.9763, 0.0173
47.7083, 0.0871, 0.9767, 0.0163
47.7133, 0.0890, 0.9773, 0.0157
47.7183, 0.0905, 0.9777, 0.0153
47.7234, 0.0910, 0.9774, 0.0149
47.7284, 0.0909, 0.9774, 0.0138
47.7334, 0.0905, 0.9773, 0.0133
47.7384, 0.0899, 0.9773, 0.0141
47.7434, 0.0892, 0.9772, 0.0151
47.7485, 0.0878, 0.9770, 0.0158
47.7535, 0.0862, 0.9772, 0.0162
47.7585, 0.0849, 0.9772, 0.0163
47.7635, 0.0844, 0.9772, 0.0161
47.7685, 0.0843, 0.9769, 0.0158
47.7736, 0.0848, 0.9762, 0.0151
47.7786, 0.0860, 0.9757, 0.0147
47.7836, 0.0866, 0.9755, 0.0153
47.7886, 0.0864, 0.9757, 0.0153
47.7936, 0.0862, 0.9759, 0.0154
47.7987, 0.0861, 0.9758, 0.0158
47.8037, 0.0857, 0.9759, 0.0155
47.8087, 0.0857, 0.9761, 0.0154
47.8137, 0.0857, 0.9763, 0.0160
47.8188, 0.0857, 0.9767, 0.0162
47.8238, 0.0862, 0.9770, 0.0169
47.8288, 0.0864, 0.9775, 0.0175
47.8338, 0.0865, 0.9776, 0.0176
47.8389, 0.0872, 0.9774, 0.0178
47.8439, 0.0874, 0.9774, 0.0182
47.8489, 0.0872, 0.9773, 0.0183
47.8539, 0.0873, 0.9772, 0.0185
47.8590, 0.0875, 0.9764, 0.0186
47.8640, 0.0876, 0.9757, 0.0192
47.8690, 0.0869, 0.9754, 0.0190
47.8740, 0.0856, 0.9758, 0.0183
47.8790, 0.0848, 0.9766, 0.0176
47.8841, 0.0846, 0.9772, 0.0159
47.8891, 0.0848, 0.9775, 0.0152
47.8941, 0.0850, 0.9778, 0.0151
47.8991, 0.0854, 0.9782, 0.0151
47.9041, 0.0861, 0.9781, 0.0153
47.9092, 0.0870, 0.9775, 0.0149
47.9142, 0.0882, 0.9771, 0.0146
47.9192, 0.0891, 0.9774, 0.0150
47.9242, 0.0897, 0.9774, 0.0147
47.9293, 0.0899, 0.9769, 0.0140
47.9343, 0.0891, 0.9760, 0.0139
47.9393, 0.0884, 0.9759, 0.0145
47.9443, 0.0875, 0.9765, 0.0153
47.9493, 0.0870, 0.9767, 0.0159
47.9544, 0.0866, 0.9771, 0.0163
47.9594, 0.0862, 0.9772, 0.0168
47.9644, 0.0854, 0.9773, 0.0171
47.9694, 0.0850, 0.9774, 0.0167
47.9744, 0.0856, 0.9771, 0.0164
47.9795, 0.0861, 0.9770, 0.0164
47.9845, 0.0860, 0.9770, 0.0163
47.9895, 0.0853, 0.9768, 0.0164
47.9945, 0.0848, 0.9761, 0.0161
47.9995, 0.0849, 0.9752, 0.0157
48.0046, 0.0855, 0.9747, 0.0155
48.0096, 0.0863, 0.9750, 0.0160
48.0146, 0.0875, 0.9756, 0.0161
48.0196, 0.0889, 0.9762, 0.0158
48.0246, 0.0906, 0.9767, 0.0157
48.0296, 0.0916, 0.9769, 0.0161
48.0347, 0.0914, 0.9769, 0.0158
48.0397, 0.0898, 0.9770, 0.0149
48.0447, 0.0878, 0.9770, 0.0150
48.0497, 0.0860, 0.9769, 0.0152
48.0548, 0.0856, 0.9769, 0.0150
48.0598, 0.0855, 0.9770, 0.0155
48.0648, 0.0857, 0.9771, 0.0164
48.0698, 0.0862, 0.9772, 0.0166
48.0748, 0.0860, 0.9773, 0.0172
48.0799, 0.0848, 0.9773, 0.0182
48.0849, 0.0841, 0.9774, 0.0184
48.0899, 0.0847, 0.9772, 0.0181
48.0949, 0.0871, 0.9770, 0.0171
48.0999, 0.0892, 0.9769, 0.0164
48.1050, 0.0903, 0.9769, 0.0166
48.1100, 0.0903, 0.9773, 0.0169
48.1150, 0.0889, 0.9775, 0.0176
48.1200, 0.0876, 0.9777, 0.0182
48.1250, 0.0873, 0.9778, 0.0189
48.1301, 0.0880, 0.9775, 0.0192
48.1351, 0.0885, 0.9776, 0.0188
48.1401, 0.0880, 0.9779, 0.0187
48.1451, 0.0866, 0.9780, 0.0184
48.1501, 0.0851, 0.9774, 0.0180
48.1552, 0.0843, 0.9774, 0.0179
48.1602, 0.0841, 0.9772, 0.0173
48.1652, 0.0846, 0.9770, 0.0165
48.1702, 0.0854, 0.9767, 0.0148
48.1752, 0.0865, 0.9767, 0.0131
48.1803, 0.0875, 0.9771, 0.0122
48.1853, 0.0888, 0.9767, 0.0122
48.1903, 0.0901, 0.9760, 0.0124
48.1953, 0.0906, 0.9761, 0.0127
48.2003, 0.0901, 0.9761, 0.0130
48.2054, 0.0890, 0.9759, 0.0136
48.2104, 0.0886, 0.9756, 0.0141
48.2154, 0.0880, 0.9756, 0.0149
48.2204, 0.0876, 0.9758, 0.0153
48.2254, 0.0869, 0.9760, 0.0155
48.2305, 0.0874, 0.9763, 0.0160
48.2355, 0.0876, 0.9765, 0.0164
48.2405, 0.0873, 0.9769, 0.0170
48.2455, 0.0868, 0.9773, 0.0171
48.2505, 0.0864, 0.9774, 0.0170
48.2556, 0.0852, 0.9770, 0.0171
48.2606, 0.0846, 0.9765, 0.0172
48.2656, 0.0856, 0.9764, 0.0172
48.2706, 0.0874, 0.9762, 0.0170
48.2757, 0.0879, 0.9761, 0.0175
48.2807, 0.0869, 0.9759, 0.0181
48.2857, 0.0858, 0.9762, 0.0182
48.2907, 0.0854, 0.9767, 0.0185
48.2958, 0.0863, 0.9770, 0.0186
48.3008, 0.0876, 0.9768, 0.0183
48.3058, 0.0892, 0.9770, 0.0182
48.3108, 0.0900, 0.9770, 0.0186
48.3158, 0.0896, 0.9770, 0.0197
48.3208, 0.0887, 0.9769, 0.0195
48.3259, 0.0878, 0.9769, 0.0191
48.3309, 0.0874, 0.9770, 0.0190
48.3359, 0.0872, 0.9773, 0.0189
48.3409, 0.0873, 0.9769, 0.0182
48.3459, 0.0871, 0.9767, 0.0173
48.3509, 0.0861, 0.9763, 0.0168
48.3560, 0.0844, 0.9761, 0.0166
48.3610, 0.0833, 0.9763, 0.0162
48.3660, 0.0839, 0.9763, 0.0163
48.3710, 0.0858, 0.9761, 0.0163
48.3760, 0.0868, 0.9758, 0.0161
48.3811, 0.0869, 0.9758, 0.0163
48.3861, 0.0865, 0.9758, 0.0163
48.3911, 0.0861, 0.9762, 0.0162
48.3961, 0.0857, 0.9762, 0.0167
48.4012, 0.0816, 0.9764, 0.0173
48.4062, 0.0813, 0.9768, 0.0166
48.4112, 0.0858, 0.9771, 0.0157
48.4162, 0.0902, 0.9767, 0.0160
48.4212, 0.0911, 0.9765, 0.0156
48.4263, 0.0900, 0.9766, 0.0148
48.4313, 0.0885, 0.9765, 0.0149
48.4363, 0.0870, 0.9768, 0.0153
48.4413, 0.0862, 0.9772, 0.0162
48.4463, 0.0860, 0.9774, 0.0167
48.4514, 0.0855, 0.9772, 0.0168
48.4564, 0.0849, 0.9770, 0.0163
48.4614, 0.0845, 0.9771, 0.0159
48.4664, 0.0847, 0.9773, 0.0156
48.4714, 0.0849, 0.9774, 0.0156
48.4765, 0.0856, 0.9772, 0.0158
48.4815, 0.0865, 0.9764, 0.0160
48.4865, 0.0880, 0.9762, 0.0164
48.4915, 0.0895, 0.9760, 0.0164
48.4965, 0.0905, 0.9759, 0.0166
48.5016, 0.0909, 0.9762, 0.0172
48.5066, 0.0907, 0.9765, 0.0175
48.5116, 0.0902, 0.9770, 0.0169
48.5166, 0.0896, 0.9775, 0.0164
48.5217, 0.0890, 0.9774, 0.0161
48.5267, 0.0887, 0.9774, 0.0157
48.5317, 0.0885, 0.9775, 0.0148
48.5367, 0.0881, 0.9778, 0.0149
48.5417, 0.0871, 0.9777, 0.0156
48.5468, 0.0861, 0.9777, 0.0165
48.5518, 0.0853, 0.9775, 0.0168
48.5568, 0.0855, 0.9772, 0.0172
48.5618, 0.0869, 0.9768, 0.0166
48.5668, 0.0880, 0.9766, 0.0163
48.5719, 0.0896, 0.9767, 0.0161
48.5769, 0.0908, 0.9771, 0.0156
48.5819, 0.0909, 0.9774, 0.0155
48.5869, 0.0899, 0.9777, 0.0163
48.5919, 0.0887, 0.9777, 0.0171
48.5970, 0.0877, 0.9775, 0.0175
48.6020, 0.0874, 0.9769, 0.0178
48.6070, 0.0880, 0.9763, 0.0174
48.6120, 0.0887, 0.9761, 0.0170
48.6171, 0.0888, 0.9763, 0.0170
48.6221, 0.0883, 0.9768, 0.0168
48.6271, 0.0878, 0.9769, 0.0164
48.6321, 0.0882, 0.9768, 0.0159
48.6371, 0.0894, 0.9767, 0.0151
48.6422, 0.0903, 0.9764, 0.0139
48.6472, 0.0908, 0.9765, 0.0137
48.6522, 0.0914, 0.9768, 0.0136
48.6572, 0.0908, 0.9768, 0.0138
48.6622, 0.0889, 0.9767, 0.0141
48.6673, 0.0873, 0.9768, 0.0152
48.6723, 0.0874, 0.9763, 0.0161
48.6773, 0.0871, 0.9762, 0.0169
48.6823, 0.0864, 0.9760, 0.0166
48.6873, 0.0861, 0.9761, 0.0157
48.6924, 0.0865, 0.9762, 0.0155
48.6974, 0.0869, 0.9763, 0.0151
48.7024, 0.0863, 0.9769, 0.0148
48.7074, 0.0851, 0.9775, 0.0149
48.7124, 0.0844, 0.9777, 0.0148
48.7174, 0.0848, 0.9768, 0.0148
48.7225, 0.0860, 0.9764, 0.0150
48.7275, 0.0875, 0.9764, 0.0155
48.7325, 0.0887, 0.9762, 0.0149
48.7375, 0.0894, 0.9758, 0.0142
48.7425, 0.0895, 0.9758, 0.0142
48.7476, 0.0890, 0.9764, 0.0150
48.7526, 0.0886, 0.9769, 0.0153
48.7576, 0.0883, 0.9767, 0.0153
48.7626, 0.0877, 0.9766, 0.0143
48.7676, 0.0871, 0.9771, 0.0141
48.7727, 0.0868, 0.9778, 0.0138
48.7777, 0.0872, 0.9779, 0.0137
48.7827, 0.0879, 0.9779, 0.0140
48.7877, 0.0878, 0.9780, 0.0142
48.7928, 0.0871, 0.9781, 0.0146
48.7978, 0.0870, 0.9776, 0.0154
48.8028, 0.0877, 0.9769, 0.0156
48.8078, 0.0887, 0.9764, 0.0156
48.8128, 0.0886, 0.9767, 0.0152
48.8179, 0.0880, 0.9769, 0.0145
48.8229, 0.0884, 0.9771, 0.0138
48.8279, 0.0891, 0.9779, 0.0136
48.8329, 0.0895, 0.9784, 0.0133
48.8380, 0.0897, 0.9783, 0.0129
48.8430, 0.0903, 0.9775, 0.0128
48.8480, 0.0908, 0.9765, 0.0131
48.8530, 0.0903, 0.9754, 0.0131
48.8580, 0.0891, 0.9748, 0.0135
48.8631, 0.0873, 0.9747, 0.0138
48.8681, 0.0863, 0.9751, 0.0141
48.8731, 0.0859, 0.9758, 0.0148
48.8781, 0.0863, 0.9763, 0.0155
48.8831, 0.0871, 0.9765, 0.0158
48.8882, 0.0879, 0.9765, 0.0160
48.8932, 0.0887, 0.9767, 0.0160
48.8982, 0.0885, 0.9765, 0.0154
48.9032, 0.0874, 0.9765, 0.0149
48.9082, 0.0870, 0.9767, 0.0143
48.9133, 0.0880, 0.9769, 0.0141
48.9183, 0.0891, 0.9769, 0.0145
48.9233, 0.0900, 0.9767, 0.0154
48.9283, 0.0904, 0.9764, 0.0162
48.9333, 0.0906, 0.9760, 0.0158
48.9384, 0.0909, 0.9758, 0.0150
48.9434, 0.0913, 0.9760, 0.0138
48.9484, 0.0914, 0.9764, 0.0131
48.9534, 0.0903, 0.9768, 0.0135
48.9584, 0.0887, 0.9775, 0.0141
48.9635, 0.0873, 0.9780, 0.0149
48.9685, 0.0867, 0.9779, 0.0158
48.9735, 0.0858, 0.9774, 0.0166
48.9785, 0.0855, 0.9775, 0.0175
48.9836, 0.0863, 0.9774, 0.0176
48.9886, 0.0871, 0.9770, 0.0180
48.9936, 0.0871, 0.9765, 0.0175
48.9986, 0.0863, 0.9764, 0.0163
49.0036, 0.0861, 0.9763, 0.0153
49.0087, 0.0866, 0.9764, 0.0146
49.0137, 0.0875, 0.9766, 0.0147
49.0187, 0.0881, 0.9767, 0.0146
49.0237, 0.0889, 0.9770, 0.0142
49.0288, 0.0898, 0.9772, 0.0145
49.0338, 0.0901, 0.9770, 0.0144
49.0388, 0.0897, 0.9767, 0.0140
49.0438, 0.0885, 0.9764, 0.0138
49.0488, 0.0879, 0.9760, 0.0143
49.0539, 0.0874, 0.9757, 0.0140
49.0589, 0.0874, 0.9759, 0.0131
49.0639, 0.0880, 0.9763, 0.0125
49.0689, 0.0880, 0.9763, 0.0127
49.0739, 0.0871, 0.9764, 0.0134
49.0790, 0.0863, 0.9765, 0.0139
49.0840, 0.0870, 0.9760, 0.0147
49.0890, 0.0886, 0.9759, 0.0149
49.0940, 0.0903, 0.9761, 0.0149
49.0991, 0.0906, 0.9764, 0.0148
49.1041, 0.0896, 0.9764, 0.0150
49.1091, 0.0884, 0.9764, 0.0156
49.1141, 0.0878, 0.9765, 0.0154
49.1191, 0.0872, 0.9765, 0.0150
49.1242, 0.0874, 0.9761, 0.0149
49.1292, 0.0880, 0.9756, 0.0149
49.1342, 0.0884, 0.9755, 0.0154
49.1392, 0.0886, 0.9759, 0.0158
49.1442, 0.0888, 0.9765, 0.0156
49.1493, 0.0884, 0.9766, 0.0156
49.1543, 0.0870, 0.9765, 0.0163
49.1593, 0.0855, 0.9764, 0.0164
49.1643, 0.0853, 0.9766, 0.0164
49.1694, 0.0859, 0.9772, 0.0164
49.1744, 0.0861, 0.9777, 0.0167
49.1794, 0.0857, 0.9780, 0.0174
49.1844, 0.0855, 0.9779, 0.0176
49.1894, 0.0856, 0.9776, 0.0178
49.1945, 0.0855, 0.9778, 0.0181
49.1995, 0.0855, 0.9775, 0.0182
49.2045, 0.0864, 0.9768, 0.0172
49.2095, 0.0874, 0.9763, 0.0169
49.2145, 0.0882, 0.9768, 0.0168
49.2196, 0.0891, 0.9774, 0.0167
49.2246, 0.0895, 0.9775, 0.0153
49.2296, 0.0900, 0.9771, 0.0158
49.2346, 0.0900, 0.9768, 0.0159
49.2397, 0.0898, 0.9769, 0.0159
49.2447, 0.0894, 0.9767, 0.0171
49.2497, 0.0893, 0.9765, 0.0175
49.2547, 0.0892, 0.9760, 0.0165
49.2597, 0.0888, 0.9755, 0.0159
49.2648, 0.0878, 0.9753, 0.0151
49.2698, 0.0876, 0.9753, 0.0145
49.2748, 0.0887, 0.9752, 0.0146
49.2798, 0.0904, 0.9751, 0.0144
49.2848, 0.0912, 0.9751, 0.0133
49.2899, 0.0903, 0.9754, 0.0134
49.2949, 0.0886, 0.9751, 0.0137
49.2999, 0.0863, 0.9749, 0.0141
49.3049, 0.0846, 0.9747, 0.0141
49.3099, 0.0844, 0.9750, 0.0145
49.3150, 0.0846, 0.9753, 0.0155
49.3200, 0.0850, 0.9760, 0.0162
49.3250, 0.0852, 0.9763, 0.0165
49.3300, 0.0865, 0.9763, 0.0168
49.3350, 0.0890, 0.9762, 0.0170
49.3401, 0.0915, 0.9764, 0.0163
49.3451, 0.0917, 0.9762, 0.0166
49.3501, 0.0913, 0.9761, 0.0180
49.3551, 0.0912, 0.9764, 0.0169
49.3601, 0.0921, 0.9763, 0.0163
49.3651, 0.0920, 0.9759, 0.0153
49.3702, 0.0915, 0.9759, 0.0133
49.3752, 0.0908, 0.9761, 0.0124
49.3802, 0.0899, 0.9766, 0.0122
49.3852, 0.0887, 0.9769, 0.0126
49.3902, 0.0870, 0.9771, 0.0139
49.3953, 0.0862, 0.9774, 0.0150
49.4003, 0.0862, 0.9778, 0.0160
49.4053, 0.0866, 0.9778, 0.0169
49.4103, 0.0878, 0.9778, 0.0176
49.4154, 0.0888, 0.9771, 0.0177
49.4204, 0.0894, 0.9765, 0.0171
49.4254, 0.0899, 0.9756, 0.0162
49.4304, 0.0908, 0.9752, 0.0158
49.4354, 0.0909, 0.9754, 0.0162
49.4405, 0.0881, 0.9762, 0.0170
49.4455, 0.0844, 0.9769, 0.0177
49.4505, 0.0809, 0.9772, 0.0182
49.4555, 0.0804, 0.9772, 0.0191
49.4605, 0.0827, 0.9773, 0.0169
49.4656, 0.0858, 0.9769, 0.0155
49.4706, 0.0874, 0.9763, 0.0152
49.4756, 0.0882, 0.9760, 0.0144
49.4806, 0.0885, 0.9755, 0.0139
49.4856, 0.0892, 0.9754, 0.0134
49.4907, 0.0895, 0.9760, 0.0128
49.4957, 0.0883, 0.9767, 0.0131
49.5007, 0.0869, 0.9772, 0.0138
49.5057, 0.0868, 0.9782, 0.0142
49.5108, 0.0877, 0.9785, 0.0143
49.5158, 0.0888, 0.9782, 0.0146
49.5208, 0.0891, 0.9777, 0.0149
49.5258, 0.0885, 0.9771, 0.0153
49.5308, 0.0886, 0.9772, 0.0150
49.5359, 0.0892, 0.9769, 0.0140
49.5409, 0.0904, 0.9765, 0.0136
49.5459, 0.0919, 0.9762, 0.0143
49.5509, 0.0923, 0.9761, 0.0154
49.5559, 0.0908, 0.9763, 0.0164
49.5609, 0.0885, 0.9765, 0.0175
49.5660, 0.0864, 0.9767, 0.0181
49.5710, 0.0849, 0.9774, 0.0186
49.5760, 0.0846, 0.9778, 0.0189
49.5810, 0.0842, 0.9780, 0.0183
49.5861, 0.0830, 0.9780, 0.0166
49.5911, 0.0830, 0.9776, 0.0155
49.5961, 0.0846, 0.9772, 0.0144
49.6011, 0.0870, 0.9767, 0.0133
49.6061, 0.0889, 0.9762, 0.0119
49.6111, 0.0896, 0.9762, 0.0114
49.6162, 0.0895, 0.9765, 0.0123
49.6212, 0.0899, 0.9762, 0.0125
49.6262, 0.0908, 0.9760, 0.0124
49.6312, 0.0905, 0.9757, 0.0130
49.6363, 0.0893, 0.9761, 0.0139
49.6413, 0.0876, 0.9762, 0.0148
49.6463, 0.0860, 0.9762, 0.0152
49.6513, 0.0852, 0.9764, 0.0157
49.6563, 0.0849, 0.9768, 0.0165
49.6614, 0.0850, 0.9771, 0.0165
49.6664, 0.0850, 0.9770, 0.0160
49.6714, 0.0854, 0.9766, 0.0157
49.6764, 0.0869, 0.9766, 0.0146
49.6815, 0.0878, 0.9767, 0.0138
49.6865, 0.0886, 0.9763, 0.0144
49.6915, 0.0895, 0.9766, 0.0139
49.6965, 0.0910, 0.9771, 0.0140
49.7015, 0.0918, 0.9765, 0.0148
49.7066, 0.0922, 0.9759, 0.0151
49.7116, 0.0928, 0.9754, 0.0159
49.7166, 0.0927, 0.9754, 0.0166
49.7216, 0.0923, 0.9758, 0.0170
49.7266, 0.0916, 0.9763, 0.0180
49.7317, 0.0900, 0.9769, 0.0183
49.7367, 0.0881, 0.9772, 0.0176
49.7417, 0.0873, 0.9773, 0.0170
49.7467, 0.0881, 0.9774, 0.0170
49.7518, 0.0889, 0.9771, 0.0164
49.7568, 0.0888, 0.9767, 0.0158
49.7618, 0.0871, 0.9768, 0.0158
49.7668, 0.0851, 0.9770, 0.0163
49.7719, 0.0845, 0.9774, 0.0160
49.7769, 0.0855, 0.9773, 0.0158
49.7819, 0.0869, 0.9768, 0.0149
49.7869, 0.0877, 0.9768, 0.0147
49.7919, 0.0883, 0.9766, 0.0148
49.7970, 0.0890, 0.9764, 0.0152
49.8020, 0.0904, 0.9761, 0.0155
49.8070, 0.0918, 0.9760, 0.0154
49.8120, 0.0924, 0.9762, 0.0149
49.8170, 0.0928, 0.9768, 0.0144
49.8221, 0.0933, 0.9775, 0.0142
49.8271, 0.0933, 0.9780, 0.0142
49.8321, 0.0932, 0.9781, 0.0150
49.8371, 0.0920, 0.9784, 0.0158
49.8421, 0.0907, 0.9782, 0.0168
49.8471, 0.0898, 0.9781, 0.0170
49.8522, 0.0892, 0.9778, 0.0169
49.8572, 0.0885, 0.9775, 0.0169
49.8622, 0.0879, 0.9770, 0.0174
49.8672, 0.0867, 0.9767, 0.0179
49.8722, 0.0855, 0.9767, 0.0181
49.8772, 0.0842, 0.9766, 0.0185
49.8823, 0.0832, 0.9763, 0.0185
49.8873, 0.0833, 0.9766, 0.0186
49.8923, 0.0845, 0.9769, 0.0183
49.8973, 0.0865, 0.9772, 0.0171
49.9024, 0.0880, 0.9778, 0.0157
49.9074, 0.0887, 0.9784, 0.0148
49.9124, 0.0893, 0.9783, 0.0139
49.9174, 0.0902, 0.9776, 0.0131
49.9224, 0.0909, 0.9775, 0.0133
49.9275, 0.0910, 0.9774, 0.0137
49.9325, 0.0909, 0.9767, 0.0134
49.9375, 0.0910, 0.9760, 0.0136
49.9425, 0.0905, 0.9754, 0.0139
49.9476, 0.0893, 0.9756, 0.0140
49.9526, 0.0882, 0.9765, 0.0143
49.9576, 0.0872, 0.9767, 0.0143
49.9626, 0.0868, 0.9765, 0.0140
49.9677, 0.0864, 0.9771, 0.0145
49.9727, 0.0860, 0.9778, 0.0151
49.9777, 0.0854, 0.9779, 0.0158
49.9827, 0.0854, 0.9779, 0.0168
49.9877, 0.0856, 0.9777, 0.0169
49.9928, 0.0866, 0.9770, 0.0161
49.9978, 0.0885, 0.9764, 0.0156
50.0028, 0.0901, 0.9759, 0.0151
50.0078, 0.0905, 0.9759, 0.0140
50.0128, 0.0907, 0.9761, 0.0135
50.0179, 0.0911, 0.9765, 0.0128
50.0229, 0.0919, 0.9768, 0.0131
50.0279, 0.0924, 0.9774, 0.0143
50.0329, 0.0921, 0.9777, 0.0147
50.0379, 0.0905, 0.9779, 0.0150
50.0429, 0.0885, 0.9781, 0.0150
50.0480, 0.0875, 0.9781, 0.0148
50.0530, 0.0874, 0.9781, 0.0140
50.0580, 0.0877, 0.9779, 0.0132
50.0630, 0.0880, 0.9773, 0.0134
50.0680, 0.0883, 0.9768, 0.0139
50.0730, 0.0891, 0.9762, 0.0149
50.0781, 0.0901, 0.9758, 0.0156
50.0831, 0.0904, 0.9761, 0.0164
50.0881, 0.0888, 0.9763, 0.0179
50.0931, 0.0871, 0.9764, 0.0194
50.0982, 0.0863, 0.9767, 0.0196
50.1032, 0.0856, 0.9767, 0.0184
50.1082, 0.0853, 0.9766, 0.0177
50.1132, 0.0857, 0.9762, 0.0169
50.1182, 0.0864, 0.9760, 0.0158
50.1232, 0.0867, 0.9759, 0.0154
50.1282, 0.0866, 0.9760, 0.0151
50.1333, 0.0871, 0.9765, 0.0146
50.1383, 0.0880, 0.9771, 0.0142
50.1433, 0.0894, 0.9775, 0.0136
50.1483, 0.0908, 0.9774, 0.0128
50.1533, 0.0918, 0.9775, 0.0126
50.1584, 0.0921, 0.9775, 0.0132
50.1634, 0.0926, 0.9776, 0.0146
50.1684, 0.0929, 0.9772, 0.0158
50.1734, 0.0918, 0.9767, 0.0167
50.1784, 0.0893, 0.9763, 0.0168
50.1835, 0.0871, 0.9761, 0.0166
50.1885, 0.0864, 0.9763, 0.0166
50.1935, 0.0860, 0.9763, 0.0162
50.1985, 0.0853, 0.9761, 0.0154
50.2036, 0.0848, 0.9759, 0.0154
50.2086, 0.0851, 0.9761, 0.0159
50.2136, 0.0859, 0.9762, 0.0159
50.2186, 0.0866, 0.9767, 0.0158
50.2236, 0.0871, 0.9772, 0.0157
50.2287, 0.0880, 0.9778, 0.0157
50.2337, 0.0890, 0.9780, 0.0155
50.2387, 0.0895, 0.9779, 0.0154
50.2437, 0.0896, 0.9781, 0.0151
50.2488, 0.0893, 0.9776, 0.0146
50.2538, 0.0887, 0.9768, 0.0142
50.2588, 0.0883, 0.9767, 0.0143
50.2638, 0.0881, 0.9762, 0.0150
50.2688, 0.0876, 0.9755, 0.0159
50.2739, 0.0869, 0.9754, 0.0166
50.2789, 0.0866, 0.9755, 0.0168
50.2839, 0.0867, 0.9759, 0.0172
50.2889, 0.0872, 0.9761, 0.0162
50.2940, 0.0865, 0.9764, 0.0156
50.2990, 0.0857, 0.9769, 0.0156
50.3040, 0.0862, 0.9772, 0.0158
50.3090, 0.0875, 0.9772, 0.0157
50.3140, 0.0886, 0.9771, 0.0152
50.3191, 0.0891, 0.9770, 0.0149
50.3241, 0.0891, 0.9765, 0.0146
50.3291, 0.0897, 0.9763, 0.0140
50.3341, 0.0904, 0.9760, 0.0134
50.3391, 0.0909, 0.9756, 0.0127
50.3441, 0.0910, 0.9756, 0.0130
50.3492, 0.0910, 0.9758, 0.0136
50.3542, 0.0908, 0.9759, 0.0141
50.3592, 0.0905, 0.9761, 0.0141
50.3642, 0.0897, 0.9762, 0.0147
50.3693, 0.0887, 0.9761, 0.0149
50.3743, 0.0877, 0.9764, 0.0155
50.3793, 0.0867, 0.9767, 0.0156
50.3843, 0.0862, 0.9769, 0.0158
50.3893, 0.0864, 0.9770, 0.0162
50.3944, 0.0866, 0.9772, 0.0159
50.3994, 0.0869, 0.9771, 0.0159
50.4044, 0.0879, 0.9772, 0.0165
50.4094, 0.0893, 0.9772, 0.0159
50.4145, 0.0902, 0.9774, 0.0151
50.4195, 0.0898, 0.9777, 0.0150
50.4245, 0.0896, 0.9778, 0.0148
50.4295, 0.0900, 0.9778, 0.0146
50.4345, 0.0914, 0.9781, 0.0148
50.4396, 0.0920, 0.9781, 0.0154
50.4446, 0.0912, 0.9775, 0.0158
50.4496, 0.0894, 0.9767, 0.0161
50.4546, 0.0871, 0.9765, 0.0166
50.4597, 0.0847, 0.9768, 0.0164
50.4647, 0.0832, 0.9773, 0.0159
50.4697, 0.0833, 0.9773, 0.0159
50.4747, 0.0839, 0.9775, 0.0162
50.4797, 0.0847, 0.9778, 0.0160
50.4848, 0.0849, 0.9781, 0.0157
50.4898, 0.0856, 0.9781, 0.0147
50.4948, 0.0865, 0.9779, 0.0146
50.4998, 0.0876, 0.9778, 0.0142
50.5048, 0.0884, 0.9774, 0.0133
50.5099, 0.0889, 0.9773, 0.0129
50.5149, 0.0886, 0.9776, 0.0131
50.5199, 0.0884, 0.9779, 0.0131
50.5249, 0.0890, 0.9782, 0.0131
50.5300, 0.0902, 0.9783, 0.0128
50.5350, 0.0916, 0.9780, 0.0133
50.5400, 0.0921, 0.9781, 0.0142
50.5450, 0.0915, 0.9783, 0.0147
50.5500, 0.0906, 0.9780, 0.0150
50.5551, 0.0897, 0.9776, 0.0157
50.5601, 0.0892, 0.9769, 0.0161
50.5651, 0.0880, 0.9764, 0.0159
50.5701, 0.0863, 0.9760, 0.0165
50.5751, 0.0855, 0.9760, 0.0172
50.5802, 0.0857, 0.9761, 0.0179
50.5852, 0.0867, 0.9767, 0.0173
50.5902, 0.0875, 0.9773, 0.0169
50.5952, 0.0879, 0.9779, 0.0156
50.6003, 0.0880, 0.9780, 0.0142
50.6053, 0.0883, 0.9776, 0.0138
50.6103, 0.0891, 0.9775, 0.0135
50.6153, 0.0906, 0.9777, 0.0127
50.6203, 0.0916, 0.9773, 0.0117
50.6254, 0.0916, 0.9769, 0.0117
50.6304, 0.0912, 0.9762, 0.0119
50.6354, 0.0905, 0.9759, 0.0121
50.6404, 0.0892, 0.9761, 0.0127
50.6454, 0.0880, 0.9763, 0.0133
50.6504, 0.0871, 0.9761, 0.0140
50.6555, 0.0861, 0.9762, 0.0148
50.6605, 0.0855, 0.9769, 0.0150
50.6655, 0.0861, 0.9778, 0.0152
50.6705, 0.0876, 0.9783, 0.0150
50.6756, 0.0895, 0.9783, 0.0147
50.6806, 0.0912, 0.9784, 0.0141
50.6856, 0.0915, 0.9782, 0.0140
50.6906, 0.0910, 0.9780, 0.0141
50.6956, 0.0900, 0.9778, 0.0144
50.7007, 0.0884, 0.9775, 0.0146
50.7057, 0.0870, 0.9770, 0.0149
50.7107, 0.0866, 0.9768, 0.0160
50.7157, 0.0865, 0.9770, 0.0173
50.7208, 0.0866, 0.9768, 0.0183
50.7258, 0.0868, 0.9763, 0.0187
50.7308, 0.0875, 0.9758, 0.0186
50.7358, 0.0886, 0.9757, 0.0180
50.7408, 0.0898, 0.9762, 0.0172
50.7459, 0.0910, 0.9767, 0.0166
50.7509, 0.0920, 0.9770, 0.0166
50.7559, 0.0917, 0.9770, 0.0159
50.7609, 0.0904, 0.9767, 0.0154
50.7659, 0.0896, 0.9766, 0.0150
50.7710, 0.0897, 0.9768, 0.0138
50.7760, 0.0899, 0.9768, 0.0131
50.7810, 0.0895, 0.9772, 0.0132
50.7860, 0.0891, 0.9780, 0.0147
50.7910, 0.0885, 0.9784, 0.0166
50.7961, 0.0877, 0.9781, 0.0178
50.8011, 0.0870, 0.9778, 0.0174
50.8061, 0.0863, 0.9775, 0.0163
50.8111, 0.0851, 0.9771, 0.0157
50.8162, 0.0844, 0.9770, 0.0153
50.8212, 0.0853, 0.9769, 0.0151
50.8262, 0.0871, 0.9764, 0.0149
50.8312, 0.0887, 0.9759, 0.0150
50.8362, 0.0899, 0.9759, 0.0155
50.8413, 0.0907, 0.9759, 0.0154
50.8463, 0.0914, 0.9760, 0.0147
50.8513, 0.0913, 0.9765, 0.0142
50.8563, 0.0901, 0.9767, 0.0152
50.8613, 0.0889, 0.9767, 0.0158
50.8664, 0.0879, 0.9769, 0.0158
50.8714, 0.0874, 0.9772, 0.0152
