10.7484, 0.0349, -1.0210, -0.0106
10.7534, 0.0341, -1.0209, -0.0109
10.7584, 0.0333, -1.0207, -0.0110
10.7634, 0.0336, -1.0207, -0.0109
10.7685, 0.0346, -1.0207, -0.0105
10.7735, 0.0355, -1.0208, -0.0099
10.7785, 0.0357, -1.0212, -0.0098
10.7835, 0.0355, -1.0211, -0.0096
10.7885, 0.0353, -1.0207, -0.0089
10.7936, 0.0353, -1.0207, -0.0093
10.7986, 0.0357, -1.0212, -0.0099
10.8036, 0.0358, -1.0218, -0.0109
10.8086, 0.0365, -1.0223, -0.0119
10.8136, 0.0370, -1.0227, -0.0121
10.8187, 0.0370, -1.0228, -0.0118
10.8237, 0.0366, -1.0232, -0.0114
10.8287, 0.0358, -1.0229, -0.0114
10.8337, 0.0348, -1.0213, -0.0114
10.8387, 0.0334, -1.0198, -0.0119
10.8438, 0.0323, -1.0191, -0.0123
10.8488, 0.0320, -1.0191, -0.0127
10.8538, 0.0324, -1.0195, -0.0135
10.8588, 0.0331, -1.0204, -0.0148
10.8639, 0.0332, -1.0219, -0.0160
10.8689, 0.0326, -1.0227, -0.0168
10.8739, 0.0319, -1.0227, -0.0172
10.8789, 0.0312, -1.0223, -0.0171
10.8839, 0.0309, -1.0217, -0.0165
10.8890, 0.0317, -1.0211, -0.0156
10.8940, 0.0323, -1.0207, -0.0144
10.8990, 0.0324, -1.0204, -0.0134
10.9040, 0.0322, -1.0198, -0.0127
10.9091, 0.0323, -1.0196, -0.0137
10.9141, 0.0322, -1.0195, -0.0153
10.9191, 0.0322, -1.0199, -0.0163
10.9241, 0.0329, -1.0206, -0.0155
10.9291, 0.0336, -1.0210, -0.0145
10.9342, 0.0343, -1.0216, -0.0136
10.9392, 0.0351, -1.0223, -0.0126
10.9442, 0.0359, -1.0224, -0.0113
10.9492, 0.0361, -1.0223, -0.0110
10.9543, 0.0364, -1.0222, -0.0113
10.9593, 0.0362, -1.0215, -0.0118
10.9643, 0.0356, -1.0206, -0.0120
10.9693, 0.0348, -1.0198, -0.0124
10.9744, 0.0343, -1.0196, -0.0128
10.9794, 0.0343, -1.0195, -0.0125
10.9844, 0.0340, -1.0197, -0.0112
10.9894, 0.0343, -1.0203, -0.0105
10.9944, 0.0347, -1.0211, -0.0092
10.9995, 0.0341, -1.0216, -0.0092
11.0045, 0.0337, -1.0213, -0.0096
11.0095, 0.0335, -1.0207, -0.0097
11.0145, 0.0328, -1.0200, -0.0115
11.0195, 0.0322, -1.0191, -0.0141
11.0246, 0.0320, -1.0189, -0.0150
11.0296, 0.0323, -1.0192, -0.0153
11.0346, 0.0331, -1.0199, -0.0146
11.0396, 0.0335, -1.0202, -0.0129
11.0447, 0.0338, -1.0204, -0.0117
11.0497, 0.0342, -1.0202, -0.0109
11.0547, 0.0338, -1.0195, -0.0106
11.0597, 0.0331, -1.0195, -0.0114
11.0647, 0.0324, -1.0197, -0.0123
11.0698, 0.0323, -1.0199, -0.0133
11.0748, 0.0330, -1.0200, -0.0137
11.0798, 0.0349, -1.0205, -0.0136
11.0848, 0.0369, -1.0212, -0.0125
11.0898, 0.0385, -1.0219, -0.0119
11.0949, 0.0398, -1.0226, -0.0118
11.0999, 0.0403, -1.0233, -0.0110
11.1049, 0.0405, -1.0241, -0.0097
11.1099, 0.0409, -1.0249, -0.0095
11.1149, 0.0407, -1.0247, -0.0103
11.1200, 0.0394, -1.0240, -0.0119
11.1250, 0.0371, -1.0227, -0.0136
11.1300, 0.0343, -1.0214, -0.0146
11.1350, 0.0316, -1.0204, -0.0156
11.1401, 0.0296, -1.0201, -0.0160
11.1451, 0.0286, -1.0202, -0.0147
11.1501, 0.0297, -1.0202, -0.0126
11.1551, 0.0319, -1.0209, -0.0115
11.1602, 0.0335, -1.0215, -0.0112
11.1652, 0.0347, -1.0217, -0.0109
11.1702, 0.0348, -1.0214, -0.0108
11.1752, 0.0348, -1.0214, -0.0114
11.1802, 0.0345, -1.0214, -0.0120
11.1853, 0.0342, -1.0210, -0.0119
11.1903, 0.0334, -1.0209, -0.0123
11.1953, 0.0320, -1.0205, -0.0128
11.2003, 0.0314, -1.0200, -0.0131
11.2053, 0.0317, -1.0201, -0.0130
11.2104, 0.0322, -1.0202, -0.0128
11.2154, 0.0326, -1.0207, -0.0118
11.2204, 0.0330, -1.0214, -0.0112
11.2254, 0.0337, -1.0217, -0.0106
11.2304, 0.0347, -1.0220, -0.0103
11.2355, 0.0357, -1.0224, -0.0109
11.2405, 0.0365, -1.0227, -0.0113
11.2455, 0.0367, -1.0229, -0.0105
11.2505, 0.0359, -1.0225, -0.0099
11.2555, 0.0349, -1.0218, -0.0101
11.2606, 0.0343, -1.0210, -0.0112
11.2656, 0.0337, -1.0205, -0.0117
11.2706, 0.0333, -1.0206, -0.0111
11.2756, 0.0333, -1.0209, -0.0105
11.2807, 0.0339, -1.0217, -0.0108
11.2857, 0.0348, -1.0228, -0.0103
11.2907, 0.0353, -1.0231, -0.0102
11.2957, 0.0350, -1.0224, -0.0101
11.3007, 0.0337, -1.0212, -0.0105
11.3058, 0.0320, -1.0196, -0.0102
11.3108, 0.0303, -1.0186, -0.0102
11.3158, 0.0298, -1.0183, -0.0116
11.3208, 0.0301, -1.0186, -0.0128
11.3258, 0.0312, -1.0194, -0.0130
11.3309, 0.0328, -1.0200, -0.0133
11.3359, 0.0342, -1.0205, -0.0139
11.3409, 0.0349, -1.0208, -0.0142
11.3459, 0.0350, -1.0209, -0.0138
11.3509, 0.0351, -1.0212, -0.0126
11.3560, 0.0355, -1.0214, -0.0114
11.3610, 0.0355, -1.0211, -0.0123
11.3660, 0.0357, -1.0210, -0.0137
11.3710, 0.0360, -1.0212, -0.0134
11.3761, 0.0367, -1.0217, -0.0122
11.3811, 0.0376, -1.0227, -0.0120
11.3861, 0.0383, -1.0231, -0.0130
11.3911, 0.0390, -1.0232, -0.0131
11.3961, 0.0394, -1.0232, -0.0124
11.4012, 0.0387, -1.0230, -0.0123
11.4062, 0.0371, -1.0225, -0.0131
11.4112, 0.0353, -1.0219, -0.0141
11.4162, 0.0334, -1.0211, -0.0153
11.4213, 0.0325, -1.0203, -0.0164
11.4263, 0.0323, -1.0202, -0.0168
11.4313, 0.0326, -1.0206, -0.0160
11.4363, 0.0330, -1.0211, -0.0144
11.4414, 0.0330, -1.0212, -0.0132
11.4464, 0.0333, -1.0209, -0.0125
11.4514, 0.0338, -1.0205, -0.0117
11.4564, 0.0342, -1.0202, -0.0109
11.4615, 0.0347, -1.0205, -0.0112
11.4665, 0.0349, -1.0208, -0.0112
11.4715, 0.0350, -1.0210, -0.0105
11.4765, 0.0354, -1.0208, -0.0102
11.4815, 0.0355, -1.0205, -0.0110
11.4866, 0.0353, -1.0202, -0.0119
11.4916, 0.0347, -1.0197, -0.0114
11.4966, 0.0345, -1.0191, -0.0109
11.5016, 0.0349, -1.0189, -0.0105
11.5067, 0.0359, -1.0196, -0.0103
11.5117, 0.0370, -1.0208, -0.0103
11.5167, 0.0381, -1.0217, -0.0104
11.5217, 0.0387, -1.0221, -0.0113
11.5268, 0.0384, -1.0228, -0.0117
11.5318, 0.0370, -1.0234, -0.0110
11.5368, 0.0353, -1.0230, -0.0110
11.5418, 0.0345, -1.0225, -0.0114
11.5468, 0.0346, -1.0223, -0.0115
11.5518, 0.0354, -1.0220, -0.0119
11.5569, 0.0360, -1.0217, -0.0129
11.5619, 0.0363, -1.0213, -0.0143
11.5669, 0.0357, -1.0209, -0.0146
11.5719, 0.0350, -1.0205, -0.0142
11.5770, 0.0345, -1.0197, -0.0140
11.5820, 0.0340, -1.0194, -0.0139
11.5870, 0.0336, -1.0191, -0.0138
11.5920, 0.0337, -1.0186, -0.0141
11.5970, 0.0344, -1.0183, -0.0140
11.6021, 0.0357, -1.0188, -0.0137
11.6071, 0.0369, -1.0195, -0.0135
11.6121, 0.0376, -1.0198, -0.0134
11.6171, 0.0379, -1.0202, -0.0127
11.6222, 0.0383, -1.0206, -0.0124
11.6272, 0.0397, -1.0214, -0.0121
11.6322, 0.0406, -1.0223, -0.0120
11.6372, 0.0403, -1.0229, -0.0122
11.6423, 0.0389, -1.0226, -0.0123
11.6473, 0.0369, -1.0224, -0.0134
11.6523, 0.0352, -1.0222, -0.0151
11.6573, 0.0349, -1.0220, -0.0152
11.6623, 0.0353, -1.0220, -0.0137
11.6674, 0.0360, -1.0221, -0.0122
11.6724, 0.0366, -1.0221, -0.0115
11.6774, 0.0369, -1.0225, -0.0112
11.6824, 0.0369, -1.0226, -0.0103
11.6874, 0.0360, -1.0223, -0.0106
11.6925, 0.0343, -1.0213, -0.0119
11.6975, 0.0330, -1.0208, -0.0132
11.7025, 0.0324, -1.0206, -0.0137
11.7075, 0.0325, -1.0207, -0.0132
11.7126, 0.0332, -1.0214, -0.0127
11.7176, 0.0346, -1.0218, -0.0124
11.7226, 0.0360, -1.0222, -0.0115
11.7276, 0.0364, -1.0220, -0.0103
11.7327, 0.0363, -1.0216, -0.0099
11.7377, 0.0361, -1.0210, -0.0105
11.7427, 0.0360, -1.0206, -0.0112
11.7477, 0.0364, -1.0204, -0.0112
11.7527, 0.0368, -1.0203, -0.0106
11.7578, 0.0368, -1.0202, -0.0105
11.7628, 0.0367, -1.0200, -0.0102
11.7678, 0.0360, -1.0197, -0.0106
11.7728, 0.0355, -1.0190, -0.0112
11.7778, 0.0352, -1.0185, -0.0116
11.7829, 0.0350, -1.0186, -0.0109
11.7879, 0.0360, -1.0194, -0.0100
11.7929, 0.0377, -1.0204, -0.0101
11.7979, 0.0386, -1.0209, -0.0100
11.8030, 0.0389, -1.0212, -0.0094
11.8080, 0.0382, -1.0219, -0.0093
11.8130, 0.0371, -1.0225, -0.0094
11.8180, 0.0363, -1.0224, -0.0101
11.8230, 0.0351, -1.0216, -0.0109
11.8281, 0.0344, -1.0205, -0.0115
11.8331, 0.0341, -1.0196, -0.0118
11.8381, 0.0338, -1.0194, -0.0123
11.8431, 0.0337, -1.0196, -0.0125
11.8481, 0.0340, -1.0197, -0.0123
11.8532, 0.0350, -1.0202, -0.0130
11.8582, 0.0358, -1.0211, -0.0128
11.8632, 0.0363, -1.0221, -0.0122
11.8682, 0.0365, -1.0227, -0.0117
11.8732, 0.0361, -1.0222, -0.0112
11.8783, 0.0356, -1.0213, -0.0107
11.8833, 0.0353, -1.0206, -0.0108
11.8883, 0.0349, -1.0205, -0.0117
11.8933, 0.0345, -1.0204, -0.0117
11.8984, 0.0343, -1.0201, -0.0117
11.9034, 0.0343, -1.0199, -0.0125
11.9084, 0.0347, -1.0193, -0.0138
11.9134, 0.0355, -1.0187, -0.0141
11.9185, 0.0367, -1.0189, -0.0136
11.9235, 0.0377, -1.0197, -0.0130
11.9285, 0.0386, -1.0208, -0.0130
11.9335, 0.0390, -1.0216, -0.0131
11.9385, 0.0388, -1.0224, -0.0133
11.9436, 0.0376, -1.0225, -0.0135
11.9486, 0.0362, -1.0224, -0.0134
11.9536, 0.0354, -1.0222, -0.0137
11.9586, 0.0345, -1.0215, -0.0141
11.9636, 0.0343, -1.0205, -0.0136
11.9687, 0.0347, -1.0202, -0.0123
11.9737, 0.0348, -1.0203, -0.0117
11.9787, 0.0343, -1.0203, -0.0117
11.9837, 0.0336, -1.0202, -0.0118
11.9888, 0.0324, -1.0205, -0.0120
11.9938, 0.0314, -1.0212, -0.0119
11.9988, 0.0311, -1.0216, -0.0123
12.0038, 0.0310, -1.0216, -0.0124
12.0088, 0.0318, -1.0216, -0.0122
12.0139, 0.0333, -1.0213, -0.0125
12.0189, 0.0348, -1.0212, -0.0132
12.0239, 0.0359, -1.0212, -0.0136
12.0289, 0.0363, -1.0214, -0.0137
12.0340, 0.0361, -1.0215, -0.0142
12.0390, 0.0356, -1.0215, -0.0145
12.0440, 0.0352, -1.0216, -0.0141
12.0490, 0.0349, -1.0221, -0.0135
12.0541, 0.0347, -1.0224, -0.0126
12.0591, 0.0350, -1.0224, -0.0124
12.0641, 0.0352, -1.0222, -0.0122
12.0691, 0.0353, -1.0218, -0.0115
12.0741, 0.0349, -1.0211, -0.0118
12.0792, 0.0343, -1.0204, -0.0121
12.0842, 0.0337, -1.0196, -0.0128
12.0892, 0.0328, -1.0193, -0.0133
12.0942, 0.0327, -1.0193, -0.0137
12.0992, 0.0331, -1.0197, -0.0134
12.1043, 0.0339, -1.0206, -0.0132
12.1093, 0.0349, -1.0216, -0.0133
12.1143, 0.0356, -1.0225, -0.0126
12.1193, 0.0350, -1.0223, -0.0116
12.1243, 0.0340, -1.0218, -0.0112
12.1294, 0.0334, -1.0213, -0.0115
12.1344, 0.0340, -1.0212, -0.0122
12.1394, 0.0352, -1.0214, -0.0126
12.1444, 0.0360, -1.0217, -0.0128
12.1495, 0.0363, -1.0217, -0.0133
12.1545, 0.0359, -1.0217, -0.0133
12.1595, 0.0348, -1.0210, -0.0133
12.1645, 0.0331, -1.0202, -0.0129
12.1696, 0.0327, -1.0199, -0.0126
12.1746, 0.0332, -1.0197, -0.0122
12.1796, 0.0341, -1.0199, -0.0110
12.1846, 0.0356, -1.0207, -0.0097
12.1896, 0.0375, -1.0217, -0.0084
12.1947, 0.0392, -1.0223, -0.0075
12.1997, 0.0408, -1.0226, -0.0075
12.2047, 0.0412, -1.0229, -0.0082
12.2097, 0.0404, -1.0228, -0.0094
12.2147, 0.0396, -1.0233, -0.0106
12.2198, 0.0385, -1.0235, -0.0119
12.2248, 0.0368, -1.0230, -0.0132
12.2298, 0.0357, -1.0222, -0.0142
12.2348, 0.0351, -1.0218, -0.0136
12.2398, 0.0344, -1.0210, -0.0118
12.2449, 0.0339, -1.0204, -0.0114
12.2499, 0.0337, -1.0198, -0.0121
12.2549, 0.0334, -1.0198, -0.0119
12.2599, 0.0335, -1.0201, -0.0112
12.2649, 0.0347, -1.0204, -0.0109
12.2700, 0.0357, -1.0207, -0.0115
12.2750, 0.0360, -1.0209, -0.0124
12.2800, 0.0362, -1.0208, -0.0128
12.2850, 0.0359, -1.0209, -0.0131
12.2900, 0.0353, -1.0207, -0.0136
12.2951, 0.0343, -1.0203, -0.0143
12.3001, 0.0334, -1.0201, -0.0146
12.3051, 0.0332, -1.0206, -0.0136
12.3101, 0.0338, -1.0215, -0.0125
12.3152, 0.0348, -1.0219, -0.0126
12.3202, 0.0358, -1.0217, -0.0126
12.3252, 0.0364, -1.0213, -0.0128
12.3302, 0.0363, -1.0210, -0.0133
12.3352, 0.0362, -1.0208, -0.0139
12.3403, 0.0361, -1.0205, -0.0141
12.3453, 0.0363, -1.0204, -0.0135
12.3503, 0.0363, -1.0206, -0.0134
12.3553, 0.0360, -1.0207, -0.0140
12.3604, 0.0360, -1.0209, -0.0142
12.3654, 0.0362, -1.0210, -0.0138
12.3704, 0.0356, -1.0208, -0.0135
12.3754, 0.0346, -1.0205, -0.0140
12.3804, 0.0337, -1.0200, -0.0143
12.3855, 0.0331, -1.0195, -0.0144
12.3905, 0.0332, -1.0190, -0.0138
12.3955, 0.0330, -1.0186, -0.0134
12.4005, 0.0330, -1.0190, -0.0129
12.4056, 0.0339, -1.0199, -0.0129
12.4106, 0.0349, -1.0209, -0.0120
12.4156, 0.0368, -1.0217, -0.0103
12.4206, 0.0385, -1.0223, -0.0093
12.4256, 0.0393, -1.0225, -0.0104
12.4307, 0.0393, -1.0219, -0.0123
12.4357, 0.0385, -1.0209, -0.0133
12.4407, 0.0368, -1.0199, -0.0143
12.4457, 0.0350, -1.0194, -0.0148
12.4507, 0.0334, -1.0189, -0.0149
12.4558, 0.0328, -1.0190, -0.0138
12.4608, 0.0328, -1.0195, -0.0128
12.4658, 0.0334, -1.0208, -0.0125
12.4708, 0.0344, -1.0219, -0.0125
12.4759, 0.0356, -1.0228, -0.0119
12.4809, 0.0365, -1.0236, -0.0107
12.4859, 0.0370, -1.0235, -0.0105
12.4909, 0.0369, -1.0226, -0.0109
12.4960, 0.0369, -1.0218, -0.0115
12.5010, 0.0369, -1.0215, -0.0112
12.5060, 0.0372, -1.0212, -0.0112
12.5110, 0.0375, -1.0207, -0.0127
12.5160, 0.0374, -1.0204, -0.0139
12.5211, 0.0373, -1.0202, -0.0137
12.5261, 0.0368, -1.0199, -0.0127
12.5311, 0.0364, -1.0200, -0.0118
12.5361, 0.0365, -1.0203, -0.0113
12.5412, 0.0363, -1.0209, -0.0102
12.5462, 0.0363, -1.0214, -0.0100
12.5512, 0.0364, -1.0219, -0.0104
12.5562, 0.0364, -1.0217, -0.0105
12.5612, 0.0358, -1.0213, -0.0109
12.5663, 0.0346, -1.0208, -0.0117
12.5713, 0.0337, -1.0207, -0.0123
12.5763, 0.0335, -1.0208, -0.0128
12.5813, 0.0336, -1.0209, -0.0123
12.5863, 0.0342, -1.0206, -0.0119
12.5914, 0.0351, -1.0207, -0.0113
12.5964, 0.0356, -1.0213, -0.0105
12.6014, 0.0355, -1.0216, -0.0098
12.6064, 0.0356, -1.0215, -0.0096
12.6114, 0.0357, -1.0210, -0.0098
12.6165, 0.0357, -1.0209, -0.0101
12.6215, 0.0359, -1.0212, -0.0111
12.6265, 0.0359, -1.0213, -0.0118
12.6315, 0.0360, -1.0213, -0.0121
12.6366, 0.0359, -1.0210, -0.0123
12.6416, 0.0355, -1.0208, -0.0123
12.6466, 0.0352, -1.0209, -0.0123
12.6516, 0.0349, -1.0208, -0.0120
12.6566, 0.0347, -1.0204, -0.0118
12.6617, 0.0345, -1.0201, -0.0113
12.6667, 0.0341, -1.0202, -0.0106
12.6717, 0.0335, -1.0203, -0.0104
12.6767, 0.0327, -1.0203, -0.0105
12.6817, 0.0323, -1.0204, -0.0110
12.6868, 0.0316, -1.0203, -0.0116
12.6918, 0.0311, -1.0199, -0.0114
12.6968, 0.0316, -1.0201, -0.0115
12.7018, 0.0326, -1.0205, -0.0117
12.7069, 0.0335, -1.0210, -0.0114
12.7119, 0.0345, -1.0213, -0.0105
12.7169, 0.0355, -1.0217, -0.0098
12.7219, 0.0357, -1.0216, -0.0097
12.7270, 0.0359, -1.0216, -0.0100
12.7320, 0.0367, -1.0217, -0.0097
12.7370, 0.0377, -1.0220, -0.0088
12.7420, 0.0379, -1.0223, -0.0090
12.7470, 0.0376, -1.0224, -0.0103
12.7521, 0.0367, -1.0219, -0.0117
12.7571, 0.0355, -1.0213, -0.0114
12.7621, 0.0341, -1.0208, -0.0110
12.7671, 0.0332, -1.0209, -0.0114
12.7722, 0.0334, -1.0215, -0.0120
12.7772, 0.0343, -1.0221, -0.0121
12.7822, 0.0347, -1.0223, -0.0117
12.7872, 0.0351, -1.0227, -0.0117
12.7923, 0.0361, -1.0236, -0.0112
12.7973, 0.0361, -1.0278, -0.0087
12.8023, 0.0418, -1.0308, -0.0100
12.8073, 0.0349, -1.0269, -0.0201
12.8123, 0.0206, -1.0215, -0.0275
12.8174, 0.0084, -1.0143, -0.0340
12.8224, 0.0067, -1.0121, -0.0315
12.8274, 0.0150, -1.0148, -0.0236
12.8324, 0.0304, -1.0185, -0.0133
12.8375, 0.0433, -1.0211, -0.0026
12.8425, 0.0473, -1.0219, 0.0015
12.8475, 0.0438, -1.0207, -0.0016
12.8525, 0.0373, -1.0192, -0.0069
12.8575, 0.0324, -1.0187, -0.0105
12.8626, 0.0312, -1.0199, -0.0120
12.8676, 0.0325, -1.0211, -0.0127
12.8726, 0.0330, -1.0218, -0.0131
12.8776, 0.0321, -1.0215, -0.0140
12.8826, 0.0315, -1.0206, -0.0142
12.8877, 0.0311, -1.0201, -0.0132
12.8927, 0.0320, -1.0204, -0.0118
12.8977, 0.0327, -1.0210, -0.0109
12.9027, 0.0326, -1.0212, -0.0107
12.9077, 0.0315, -1.0212, -0.0113
12.9128, 0.0308, -1.0207, -0.0119
12.9178, 0.0305, -1.0203, -0.0134
12.9228, 0.0305, -1.0202, -0.0136
12.9278, 0.0310, -1.0209, -0.0135
12.9329, 0.0318, -1.0217, -0.0134
12.9379, 0.0324, -1.0219, -0.0133
12.9429, 0.0325, -1.0214, -0.0129
12.9479, 0.0323, -1.0206, -0.0127
12.9529, 0.0316, -1.0202, -0.0128
12.9580, 0.0312, -1.0202, -0.0135
12.9630, 0.0311, -1.0206, -0.0137
12.9680, 0.0316, -1.0209, -0.0129
12.9730, 0.0318, -1.0210, -0.0124
12.9780, 0.0313, -1.0210, -0.0127
12.9831, 0.0312, -1.0209, -0.0135
12.9881, 0.0316, -1.0209, -0.0136
12.9931, 0.0322, -1.0207, -0.0136
12.9981, 0.0332, -1.0204, -0.0132
13.0032, 0.0333, -1.0202, -0.0133
13.0082, 0.0332, -1.0200, -0.0135
13.0132, 0.0331, -1.0198, -0.0132
13.0182, 0.0329, -1.0201, -0.0120
13.0232, 0.0330, -1.0206, -0.0111
13.0283, 0.0328, -1.0210, -0.0110
13.0333, 0.0325, -1.0211, -0.0114
13.0383, 0.0321, -1.0211, -0.0116
13.0433, 0.0318, -1.0210, -0.0114
13.0484, 0.0317, -1.0209, -0.0121
13.0534, 0.0317, -1.0207, -0.0134
13.0584, 0.0320, -1.0206, -0.0151
13.0634, 0.0322, -1.0204, -0.0158
13.0684, 0.0330, -1.0204, -0.0156
13.0735, 0.0337, -1.0204, -0.0145
13.0785, 0.0345, -1.0205, -0.0138
13.0835, 0.0346, -1.0201, -0.0141
13.0885, 0.0336, -1.0197, -0.0140
13.0936, 0.0330, -1.0197, -0.0137
13.0986, 0.0329, -1.0199, -0.0126
13.1036, 0.0330, -1.0202, -0.0115
13.1086, 0.0332, -1.0204, -0.0113
13.1137, 0.0330, -1.0204, -0.0114
13.1187, 0.0327, -1.0202, -0.0117
13.1237, 0.0326, -1.0198, -0.0124
13.1287, 0.0325, -1.0200, -0.0130
13.1337, 0.0320, -1.0202, -0.0136
13.1388, 0.0317, -1.0205, -0.0132
13.1438, 0.0313, -1.0210, -0.0125
13.1488, 0.0309, -1.0215, -0.0129
13.1538, 0.0310, -1.0220, -0.0137
13.1589, 0.0315, -1.0225, -0.0138
13.1639, 0.0322, -1.0227, -0.0129
13.1689, 0.0322, -1.0230, -0.0126
13.1739, 0.0321, -1.0230, -0.0133
13.1789, 0.0321, -1.0227, -0.0137
13.1840, 0.0318, -1.0215, -0.0137
13.1890, 0.0316, -1.0211, -0.0142
13.1940, 0.0315, -1.0207, -0.0145
13.1990, 0.0309, -1.0203, -0.0141
13.2041, 0.0304, -1.0201, -0.0147
13.2091, 0.0305, -1.0201, -0.0153
13.2141, 0.0314, -1.0203, -0.0152
13.2191, 0.0331, -1.0205, -0.0142
13.2241, 0.0342, -1.0205, -0.0134
13.2292, 0.0343, -1.0206, -0.0133
13.2342, 0.0335, -1.0207, -0.0136
13.2392, 0.0323, -1.0205, -0.0128
13.2442, 0.0320, -1.0201, -0.0119
13.2492, 0.0322, -1.0201, -0.0109
13.2543, 0.0327, -1.0205, -0.0104
13.2593, 0.0330, -1.0209, -0.0108
13.2643, 0.0326, -1.0213, -0.0112
13.2693, 0.0317, -1.0215, -0.0110
13.2743, 0.0317, -1.0219, -0.0102
13.2794, 0.0322, -1.0221, -0.0096
13.2844, 0.0333, -1.0222, -0.0091
13.2894, 0.0342, -1.0221, -0.0097
13.2944, 0.0341, -1.0219, -0.0109
13.2994, 0.0332, -1.0217, -0.0119
13.3045, 0.0326, -1.0216, -0.0125
13.3095, 0.0328, -1.0214, -0.0129
13.3145, 0.0329, -1.0211, -0.0124
13.3195, 0.0325, -1.0209, -0.0121
13.3245, 0.0319, -1.0209, -0.0122
13.3296, 0.0314, -1.0210, -0.0124
13.3346, 0.0313, -1.0212, -0.0118
13.3396, 0.0317, -1.0215, -0.0109
13.3446, 0.0325, -1.0218, -0.0101
13.3497, 0.0329, -1.0219, -0.0102
13.3547, 0.0331, -1.0220, -0.0110
13.3597, 0.0331, -1.0216, -0.0117
13.3647, 0.0333, -1.0210, -0.0118
13.3697, 0.0335, -1.0207, -0.0108
13.3748, 0.0333, -1.0204, -0.0102
13.3798, 0.0329, -1.0200, -0.0107
13.3848, 0.0329, -1.0194, -0.0111
13.3898, 0.0329, -1.0194, -0.0120
13.3949, 0.0334, -1.0198, -0.0130
13.3999, 0.0335, -1.0204, -0.0137
13.4049, 0.0335, -1.0209, -0.0138
13.4099, 0.0338, -1.0215, -0.0133
13.4150, 0.0340, -1.0216, -0.0126
13.4200, 0.0335, -1.0215, -0.0119
13.4250, 0.0327, -1.0210, -0.0108
13.4300, 0.0323, -1.0204, -0.0105
13.4351, 0.0321, -1.0197, -0.0103
13.4401, 0.0322, -1.0197, -0.0104
13.4451, 0.0326, -1.0210, -0.0103
13.4501, 0.0332, -1.0219, -0.0103
13.4551, 0.0338, -1.0222, -0.0101
13.4602, 0.0340, -1.0222, -0.0094
13.4652, 0.0335, -1.0219, -0.0088
13.4702, 0.0330, -1.0213, -0.0090
13.4752, 0.0327, -1.0209, -0.0101
13.4803, 0.0323, -1.0209, -0.0113
13.4853, 0.0325, -1.0208, -0.0121
13.4903, 0.0326, -1.0209, -0.0128
13.4953, 0.0326, -1.0211, -0.0128
13.5003, 0.0327, -1.0214, -0.0128
13.5054, 0.0330, -1.0215, -0.0134
13.5104, 0.0333, -1.0212, -0.0141
13.5154, 0.0331, -1.0209, -0.0143
13.5204, 0.0330, -1.0210, -0.0140
13.5254, 0.0331, -1.0213, -0.0137
13.5305, 0.0331, -1.0214, -0.0136
13.5355, 0.0326, -1.0214, -0.0139
13.5405, 0.0323, -1.0213, -0.0144
13.5455, 0.0327, -1.0212, -0.0141
13.5505, 0.0334, -1.0212, -0.0137
13.5556, 0.0340, -1.0214, -0.0140
13.5606, 0.0340, -1.0215, -0.0140
13.5656, 0.0334, -1.0217, -0.0135
13.5706, 0.0328, -1.0218, -0.0131
13.5757, 0.0323, -1.0213, -0.0129
13.5807, 0.0318, -1.0208, -0.0135
13.5857, 0.0317, -1.0203, -0.0144
13.5907, 0.0316, -1.0199, -0.0141
13.5958, 0.0314, -1.0194, -0.0129
13.6008, 0.0316, -1.0196, -0.0129
13.6058, 0.0321, -1.0200, -0.0133
13.6108, 0.0330, -1.0206, -0.0133
13.6159, 0.0340, -1.0214, -0.0124
13.6209, 0.0339, -1.0217, -0.0116
13.6259, 0.0332, -1.0217, -0.0116
13.6309, 0.0322, -1.0214, -0.0116
13.6359, 0.0320, -1.0208, -0.0120
13.6410, 0.0318, -1.0203, -0.0126
13.6460, 0.0314, -1.0199, -0.0127
13.6510, 0.0311, -1.0193, -0.0129
13.6560, 0.0307, -1.0190, -0.0133
13.6611, 0.0305, -1.0190, -0.0138
13.6661, 0.0303, -1.0191, -0.0146
13.6711, 0.0304, -1.0194, -0.0157
13.6761, 0.0311, -1.0204, -0.0165
13.6811, 0.0325, -1.0218, -0.0165
13.6862, 0.0342, -1.0231, -0.0158
13.6912, 0.0359, -1.0239, -0.0142
13.6962, 0.0369, -1.0240, -0.0140
13.7013, 0.0367, -1.0233, -0.0141
13.7063, 0.0345, -1.0222, -0.0148
13.7113, 0.0317, -1.0212, -0.0151
13.7163, 0.0295, -1.0200, -0.0149
13.7213, 0.0295, -1.0193, -0.0145
13.7264, 0.0317, -1.0197, -0.0137
13.7314, 0.0345, -1.0206, -0.0125
13.7364, 0.0368, -1.0214, -0.0114
13.7414, 0.0380, -1.0217, -0.0115
13.7464, 0.0376, -1.0217, -0.0119
13.7514, 0.0361, -1.0217, -0.0125
13.7565, 0.0342, -1.0215, -0.0139
13.7615, 0.0325, -1.0212, -0.0150
13.7665, 0.0317, -1.0212, -0.0150
13.7715, 0.0323, -1.0214, -0.0145
13.7766, 0.0339, -1.0216, -0.0138
13.7816, 0.0349, -1.0217, -0.0133
13.7866, 0.0342, -1.0214, -0.0138
13.7916, 0.0346, -1.0219, -0.0142
13.7966, 0.0340, -1.0219, -0.0141
13.8017, 0.0338, -1.0216, -0.0122
13.8067, 0.0344, -1.0214, -0.0126
13.8117, 0.0349, -1.0214, -0.0139
13.8167, 0.0356, -1.0217, -0.0134
13.8218, 0.0364, -1.0223, -0.0128
13.8268, 0.0368, -1.0230, -0.0122
13.8318, 0.0367, -1.0230, -0.0119
13.8368, 0.0360, -1.0228, -0.0114
13.8419, 0.0356, -1.0225, -0.0115
13.8469, 0.0352, -1.0227, -0.0121
13.8519, 0.0350, -1.0225, -0.0123
13.8569, 0.0349, -1.0222, -0.0118
13.8619, 0.0349, -1.0217, -0.0119
13.8670, 0.0354, -1.0213, -0.0125
13.8720, 0.0361, -1.0215, -0.0125
13.8770, 0.0360, -1.0214, -0.0124
13.8820, 0.0365, -1.0212, -0.0127
13.8870, 0.0371, -1.0213, -0.0119
13.8921, 0.0378, -1.0214, -0.0114
13.8971, 0.0385, -1.0215, -0.0107
13.9021, 0.0391, -1.0212, -0.0106
13.9071, 0.0395, -1.0213, -0.0114
13.9122, 0.0403, -1.0219, -0.0128
13.9172, 0.0409, -1.0223, -0.0140
13.9222, 0.0406, -1.0226, -0.0150
13.9272, 0.0397, -1.0223, -0.0155
13.9322, 0.0381, -1.0215, -0.0156
13.9373, 0.0361, -1.0208, -0.0157
13.9423, 0.0348, -1.0207, -0.0154
13.9473, 0.0346, -1.0208, -0.0154
13.9523, 0.0357, -1.0216, -0.0140
13.9574, 0.0376, -1.0222, -0.0126
13.9624, 0.0392, -1.0227, -0.0115
13.9674, 0.0407, -1.0229, -0.0109
13.9724, 0.0417, -1.0233, -0.0109
13.9774, 0.0415, -1.0235, -0.0105
13.9825, 0.0405, -1.0227, -0.0103
13.9875, 0.0389, -1.0214, -0.0109
13.9925, 0.0374, -1.0199, -0.0122
13.9975, 0.0357, -1.0189, -0.0134
14.0025, 0.0345, -1.0185, -0.0143
14.0076, 0.0342, -1.0185, -0.0144
14.0126, 0.0348, -1.0190, -0.0141
14.0176, 0.0359, -1.0194, -0.0131
14.0226, 0.0370, -1.0199, -0.0123
14.0277, 0.0374, -1.0202, -0.0126
14.0327, 0.0374, -1.0201, -0.0131
14.0377, 0.0372, -1.0199, -0.0136
14.0427, 0.0370, -1.0197, -0.0128
14.0478, 0.0368, -1.0193, -0.0112
14.0528, 0.0365, -1.0192, -0.0100
14.0578, 0.0366, -1.0194, -0.0094
14.0628, 0.0374, -1.0198, -0.0097
14.0678, 0.0385, -1.0202, -0.0102
14.0729, 0.0398, -1.0206, -0.0104
14.0779, 0.0408, -1.0214, -0.0104
14.0829, 0.0416, -1.0220, -0.0108
14.0879, 0.0413, -1.0225, -0.0111
14.0929, 0.0406, -1.0228, -0.0110
14.0980, 0.0397, -1.0228, -0.0109
14.1030, 0.0386, -1.0224, -0.0106
14.1080, 0.0374, -1.0218, -0.0103
14.1130, 0.0360, -1.0211, -0.0100
14.1181, 0.0352, -1.0203, -0.0098
14.1231, 0.0347, -1.0192, -0.0098
14.1281, 0.0353, -1.0190, -0.0095
14.1331, 0.0362, -1.0192, -0.0092
14.1381, 0.0368, -1.0193, -0.0087
14.1432, 0.0372, -1.0197, -0.0086
14.1482, 0.0373, -1.0196, -0.0101
14.1532, 0.0371, -1.0193, -0.0115
14.1582, 0.0366, -1.0191, -0.0120
14.1633, 0.0362, -1.0192, -0.0114
14.1683, 0.0360, -1.0201, -0.0108
14.1733, 0.0365, -1.0210, -0.0112
14.1783, 0.0373, -1.0215, -0.0119
14.1833, 0.0380, -1.0213, -0.0122
14.1884, 0.0381, -1.0207, -0.0120
14.1934, 0.0377, -1.0201, -0.0121
14.1984, 0.0368, -1.0199, -0.0122
14.2034, 0.0354, -1.0198, -0.0126
14.2084, 0.0342, -1.0200, -0.0130
14.2135, 0.0336, -1.0204, -0.0132
14.2185, 0.0341, -1.0209, -0.0125
14.2235, 0.0351, -1.0214, -0.0120
14.2285, 0.0361, -1.0216, -0.0121
14.2335, 0.0370, -1.0217, -0.0128
14.2386, 0.0382, -1.0220, -0.0132
14.2436, 0.0392, -1.0222, -0.0127
14.2486, 0.0397, -1.0224, -0.0124
14.2536, 0.0396, -1.0225, -0.0122
14.2587, 0.0392, -1.0223, -0.0122
14.2637, 0.0381, -1.0220, -0.0123
14.2687, 0.0373, -1.0216, -0.0118
14.2737, 0.0370, -1.0211, -0.0115
14.2787, 0.0375, -1.0211, -0.0105
14.2838, 0.0387, -1.0215, -0.0102
14.2888, 0.0393, -1.0220, -0.0110
14.2938, 0.0386, -1.0222, -0.0120
14.2988, 0.0369, -1.0220, -0.0123
14.3039, 0.0347, -1.0216, -0.0120
14.3089, 0.0331, -1.0212, -0.0112
14.3139, 0.0322, -1.0211, -0.0113
14.3189, 0.0325, -1.0210, -0.0112
14.3239, 0.0330, -1.0209, -0.0113
14.3290, 0.0329, -1.0208, -0.0122
14.3340, 0.0325, -1.0210, -0.0121
14.3390, 0.0324, -1.0208, -0.0116
14.3440, 0.0327, -1.0209, -0.0113
14.3490, 0.0330, -1.0211, -0.0120
14.3541, 0.0334, -1.0211, -0.0128
14.3591, 0.0339, -1.0209, -0.0130
14.3641, 0.0342, -1.0209, -0.0136
14.3691, 0.0344, -1.0211, -0.0139
14.3742, 0.0341, -1.0211, -0.0133
14.3792, 0.0333, -1.0206, -0.0133
14.3842, 0.0323, -1.0205, -0.0135
14.3892, 0.0321, -1.0207, -0.0134
14.3942, 0.0330, -1.0212, -0.0124
14.3993, 0.0348, -1.0221, -0.0117
14.4043, 0.0365, -1.0226, -0.0116
14.4093, 0.0375, -1.0226, -0.0113
14.4143, 0.0374, -1.0220, -0.0111
14.4194, 0.0361, -1.0212, -0.0106
14.4244, 0.0344, -1.0201, -0.0111
14.4294, 0.0337, -1.0198, -0.0121
14.4344, 0.0337, -1.0200, -0.0125
14.4395, 0.0337, -1.0202, -0.0130
14.4445, 0.0341, -1.0202, -0.0133
14.4495, 0.0341, -1.0205, -0.0136
14.4545, 0.0338, -1.0209, -0.0131
14.4595, 0.0336, -1.0210, -0.0122
14.4646, 0.0340, -1.0208, -0.0116
14.4696, 0.0351, -1.0213, -0.0115
14.4746, 0.0364, -1.0219, -0.0117
14.4796, 0.0367, -1.0224, -0.0118
14.4847, 0.0363, -1.0220, -0.0127
14.4897, 0.0355, -1.0212, -0.0134
14.4947, 0.0349, -1.0209, -0.0129
14.4997, 0.0346, -1.0208, -0.0129
14.5047, 0.0346, -1.0206, -0.0131
14.5098, 0.0351, -1.0204, -0.0134
14.5148, 0.0361, -1.0200, -0.0131
14.5198, 0.0368, -1.0199, -0.0125
14.5248, 0.0367, -1.0196, -0.0119
14.5298, 0.0361, -1.0197, -0.0114
14.5349, 0.0357, -1.0197, -0.0113
14.5399, 0.0351, -1.0201, -0.0106
14.5449, 0.0352, -1.0210, -0.0105
14.5499, 0.0353, -1.0219, -0.0114
14.5550, 0.0350, -1.0227, -0.0126
14.5600, 0.0340, -1.0228, -0.0128
14.5650, 0.0330, -1.0221, -0.0126
14.5700, 0.0320, -1.0215, -0.0124
14.5750, 0.0320, -1.0211, -0.0121
14.5801, 0.0330, -1.0216, -0.0114
14.5851, 0.0343, -1.0224, -0.0106
14.5901, 0.0354, -1.0233, -0.0101
14.5951, 0.0356, -1.0231, -0.0102
14.6001, 0.0350, -1.0226, -0.0110
14.6052, 0.0342, -1.0214, -0.0116
14.6102, 0.0340, -1.0205, -0.0132
14.6152, 0.0337, -1.0195, -0.0144
14.6202, 0.0340, -1.0193, -0.0145
14.6253, 0.0346, -1.0190, -0.0142
14.6303, 0.0350, -1.0191, -0.0143
14.6353, 0.0350, -1.0191, -0.0137
14.6403, 0.0346, -1.0196, -0.0134
14.6453, 0.0342, -1.0201, -0.0132
14.6504, 0.0333, -1.0201, -0.0129
14.6554, 0.0320, -1.0198, -0.0136
14.6604, 0.0309, -1.0194, -0.0143
14.6654, 0.0299, -1.0193, -0.0145
14.6705, 0.0295, -1.0195, -0.0143
14.6755, 0.0300, -1.0193, -0.0136
14.6805, 0.0309, -1.0196, -0.0137
14.6855, 0.0319, -1.0200, -0.0135
14.6905, 0.0337, -1.0210, -0.0125
14.6956, 0.0345, -1.0220, -0.0119
14.7006, 0.0346, -1.0225, -0.0111
14.7056, 0.0344, -1.0224, -0.0106
14.7106, 0.0343, -1.0219, -0.0105
14.7157, 0.0344, -1.0213, -0.0096
14.7207, 0.0341, -1.0205, -0.0085
14.7257, 0.0334, -1.0200, -0.0086
14.7307, 0.0330, -1.0199, -0.0102
14.7357, 0.0327, -1.0200, -0.0114
14.7408, 0.0331, -1.0202, -0.0119
14.7458, 0.0334, -1.0204, -0.0125
14.7508, 0.0331, -1.0205, -0.0133
14.7558, 0.0325, -1.0205, -0.0142
14.7608, 0.0318, -1.0205, -0.0143
14.7659, 0.0318, -1.0207, -0.0137
14.7709, 0.0323, -1.0211, -0.0124
14.7759, 0.0334, -1.0216, -0.0119
14.7809, 0.0343, -1.0218, -0.0118
14.7860, 0.0347, -1.0215, -0.0115
14.7910, 0.0345, -1.0209, -0.0114
14.7960, 0.0340, -1.0205, -0.0115
14.8010, 0.0332, -1.0201, -0.0125
14.8060, 0.0324, -1.0203, -0.0135
14.8111, 0.0322, -1.0206, -0.0136
14.8161, 0.0322, -1.0206, -0.0128
14.8211, 0.0326, -1.0205, -0.0121
14.8261, 0.0335, -1.0208, -0.0114
14.8311, 0.0339, -1.0207, -0.0114
14.8362, 0.0336, -1.0207, -0.0114
14.8412, 0.0336, -1.0206, -0.0116
14.8462, 0.0335, -1.0209, -0.0120
14.8512, 0.0334, -1.0210, -0.0117
14.8563, 0.0336, -1.0214, -0.0113
14.8613, 0.0340, -1.0217, -0.0109
14.8663, 0.0344, -1.0222, -0.0113
14.8713, 0.0348, -1.0221, -0.0120
14.8763, 0.0349, -1.0217, -0.0121
14.8814, 0.0351, -1.0216, -0.0123
14.8864, 0.0352, -1.0217, -0.0129
14.8914, 0.0350, -1.0221, -0.0128
14.8964, 0.0340, -1.0222, -0.0123
14.9014, 0.0327, -1.0221, -0.0125
14.9065, 0.0316, -1.0214, -0.0127
14.9115, 0.0308, -1.0206, -0.0127
14.9165, 0.0307, -1.0208, -0.0126
14.9215, 0.0307, -1.0213, -0.0130
14.9265, 0.0310, -1.0215, -0.0130
14.9316, 0.0315, -1.0212, -0.0124
14.9366, 0.0315, -1.0211, -0.0121
14.9416, 0.0316, -1.0212, -0.0121
14.9466, 0.0320, -1.0215, -0.0121
14.9516, 0.0326, -1.0213, -0.0120
14.9567, 0.0335, -1.0210, -0.0121
14.9617, 0.0346, -1.0210, -0.0123
14.9667, 0.0347, -1.0208, -0.0124
14.9717, 0.0353, -1.0212, -0.0124
14.9767, 0.0360, -1.0216, -0.0120
14.9818, 0.0363, -1.0217, -0.0121
14.9868, 0.0364, -1.0213, -0.0127
14.9918, 0.0349, -1.0205, -0.0136
14.9968, 0.0331, -1.0195, -0.0146
15.0018, 0.0317, -1.0191, -0.0152
15.0069, 0.0313, -1.0194, -0.0151
15.0119, 0.0325, -1.0202, -0.0145
15.0169, 0.0336, -1.0212, -0.0145
15.0219, 0.0343, -1.0220, -0.0145
15.0270, 0.0342, -1.0223, -0.0140
15.0320, 0.0335, -1.0225, -0.0139
15.0370, 0.0334, -1.0225, -0.0145
15.0420, 0.0335, -1.0224, -0.0152
15.0470, 0.0338, -1.0222, -0.0149
15.0521, 0.0341, -1.0220, -0.0137
15.0571, 0.0339, -1.0218, -0.0117
15.0621, 0.0337, -1.0213, -0.0105
15.0671, 0.0331, -1.0205, -0.0098
15.0721, 0.0325, -1.0200, -0.0095
15.0772, 0.0325, -1.0199, -0.0092
15.0822, 0.0324, -1.0202, -0.0095
15.0872, 0.0323, -1.0206, -0.0105
15.0922, 0.0328, -1.0209, -0.0117
15.0973, 0.0329, -1.0211, -0.0126
15.1023, 0.0331, -1.0215, -0.0135
15.1073, 0.0336, -1.0216, -0.0135
15.1123, 0.0339, -1.0217, -0.0134
15.1173, 0.0342, -1.0215, -0.0130
15.1224, 0.0339, -1.0211, -0.0123
15.1274, 0.0333, -1.0208, -0.0111
15.1324, 0.0334, -1.0206, -0.0095
15.1374, 0.0334, -1.0205, -0.0093
15.1425, 0.0340, -1.0208, -0.0097
15.1475, 0.0350, -1.0213, -0.0100
15.1525, 0.0354, -1.0218, -0.0093
15.1575, 0.0348, -1.0220, -0.0091
15.1625, 0.0334, -1.0220, -0.0099
15.1676, 0.0323, -1.0217, -0.0103
15.1726, 0.0318, -1.0209, -0.0112
15.1776, 0.0317, -1.0202, -0.0115
15.1826, 0.0318, -1.0200, -0.0115
15.1877, 0.0320, -1.0196, -0.0119
15.1927, 0.0321, -1.0192, -0.0125
15.1977, 0.0319, -1.0194, -0.0130
15.2027, 0.0321, -1.0200, -0.0126
15.2078, 0.0326, -1.0208, -0.0118
15.2128, 0.0327, -1.0216, -0.0113
15.2178, 0.0322, -1.0214, -0.0112
15.2228, 0.0317, -1.0208, -0.0112
15.2279, 0.0315, -1.0208, -0.0116
15.2329, 0.0320, -1.0207, -0.0120
15.2379, 0.0323, -1.0207, -0.0121
15.2429, 0.0324, -1.0212, -0.0128
15.2479, 0.0323, -1.0217, -0.0131
15.2530, 0.0322, -1.0220, -0.0126
15.2580, 0.0319, -1.0220, -0.0117
15.2630, 0.0317, -1.0219, -0.0105
15.2680, 0.0315, -1.0214, -0.0093
15.2730, 0.0316, -1.0208, -0.0086
15.2781, 0.0319, -1.0207, -0.0086
15.2831, 0.0320, -1.0209, -0.0093
15.2881, 0.0322, -1.0211, -0.0105
15.2931, 0.0322, -1.0207, -0.0111
15.2981, 0.0326, -1.0204, -0.0110
15.3032, 0.0332, -1.0204, -0.0112
15.3082, 0.0338, -1.0208, -0.0115
15.3132, 0.0341, -1.0211, -0.0124
15.3182, 0.0340, -1.0215, -0.0128
15.3232, 0.0332, -1.0212, -0.0133
15.3283, 0.0327, -1.0206, -0.0136
15.3333, 0.0320, -1.0201, -0.0140
15.3383, 0.0319, -1.0199, -0.0145
15.3433, 0.0322, -1.0201, -0.0142
15.3484, 0.0325, -1.0202, -0.0142
15.3534, 0.0327, -1.0204, -0.0140
15.3584, 0.0326, -1.0207, -0.0141
15.3634, 0.0328, -1.0214, -0.0136
15.3685, 0.0331, -1.0223, -0.0129
15.3735, 0.0333, -1.0228, -0.0123
15.3785, 0.0333, -1.0228, -0.0119
15.3835, 0.0329, -1.0221, -0.0116
15.3885, 0.0326, -1.0216, -0.0114
15.3936, 0.0330, -1.0213, -0.0106
15.3986, 0.0337, -1.0214, -0.0104
15.4036, 0.0343, -1.0220, -0.0107
15.4086, 0.0349, -1.0225, -0.0106
15.4136, 0.0348, -1.0228, -0.0107
15.4187, 0.0342, -1.0226, -0.0113
15.4237, 0.0333, -1.0220, -0.0121
15.4287, 0.0339, -1.0221, -0.0119
15.4337, 0.0340, -1.0221, -0.0118
15.4388, 0.0318, -1.0213, -0.0132
15.4438, 0.0297, -1.0208, -0.0148
15.4488, 0.0290, -1.0202, -0.0150
15.4538, 0.0312, -1.0207, -0.0126
15.4588, 0.0347, -1.0219, -0.0098
15.4639, 0.0370, -1.0230, -0.0081
15.4689, 0.0361, -1.0234, -0.0083
15.4739, 0.0332, -1.0221, -0.0101
15.4789, 0.0301, -1.0205, -0.0120
15.4840, 0.0285, -1.0197, -0.0135
15.4890, 0.0288, -1.0198, -0.0144
15.4940, 0.0304, -1.0205, -0.0140
15.4990, 0.0316, -1.0208, -0.0136
15.5040, 0.0316, -1.0205, -0.0140
15.5091, 0.0306, -1.0198, -0.0146
15.5141, 0.0305, -1.0193, -0.0152
15.5191, 0.0303, -1.0191, -0.0141
15.5241, 0.0315, -1.0199, -0.0130
15.5292, 0.0327, -1.0206, -0.0133
15.5342, 0.0332, -1.0211, -0.0130
15.5392, 0.0335, -1.0212, -0.0121
15.5442, 0.0340, -1.0215, -0.0119
15.5492, 0.0346, -1.0219, -0.0120
15.5543, 0.0348, -1.0222, -0.0118
15.5593, 0.0342, -1.0218, -0.0118
15.5643, 0.0330, -1.0211, -0.0121
15.5693, 0.0316, -1.0207, -0.0124
15.5744, 0.0305, -1.0204, -0.0127
15.5794, 0.0300, -1.0205, -0.0127
15.5844, 0.0301, -1.0209, -0.0124
15.5894, 0.0309, -1.0212, -0.0123
15.5944, 0.0316, -1.0211, -0.0118
15.5995, 0.0318, -1.0208, -0.0117
15.6045, 0.0323, -1.0204, -0.0122
15.6095, 0.0326, -1.0205, -0.0121
15.6145, 0.0332, -1.0209, -0.0128
15.6196, 0.0337, -1.0208, -0.0134
15.6246, 0.0334, -1.0201, -0.0134
15.6296, 0.0330, -1.0193, -0.0133
15.6346, 0.0330, -1.0189, -0.0135
15.6397, 0.0338, -1.0191, -0.0128
15.6447, 0.0347, -1.0196, -0.0120
15.6497, 0.0356, -1.0199, -0.0116
15.6547, 0.0359, -1.0204, -0.0119
15.6597, 0.0356, -1.0211, -0.0116
15.6648, 0.0346, -1.0217, -0.0118
15.6698, 0.0336, -1.0222, -0.0124
15.6748, 0.0331, -1.0223, -0.0126
15.6798, 0.0327, -1.0223, -0.0121
15.6848, 0.0322, -1.0218, -0.0121
15.6899, 0.0314, -1.0210, -0.0127
15.6949, 0.0310, -1.0207, -0.0141
15.6999, 0.0308, -1.0204, -0.0156
15.7049, 0.0313, -1.0208, -0.0163
15.7099, 0.0324, -1.0215, -0.0156
15.7150, 0.0333, -1.0220, -0.0137
15.7200, 0.0336, -1.0220, -0.0128
15.7250, 0.0327, -1.0219, -0.0133
15.7300, 0.0315, -1.0221, -0.0134
15.7351, 0.0311, -1.0225, -0.0133
15.7401, 0.0315, -1.0227, -0.0140
15.7451, 0.0319, -1.0224, -0.0143
15.7501, 0.0318, -1.0221, -0.0136
15.7552, 0.0319, -1.0217, -0.0137
15.7602, 0.0319, -1.0217, -0.0142
15.7652, 0.0317, -1.0218, -0.0147
15.7702, 0.0315, -1.0217, -0.0147
15.7752, 0.0310, -1.0214, -0.0143
15.7803, 0.0308, -1.0215, -0.0140
15.7853, 0.0308, -1.0214, -0.0133
15.7903, 0.0308, -1.0216, -0.0127
15.7953, 0.0307, -1.0220, -0.0124
15.8004, 0.0305, -1.0223, -0.0121
15.8054, 0.0302, -1.0225, -0.0123
15.8104, 0.0299, -1.0227, -0.0124
15.8154, 0.0301, -1.0225, -0.0127
15.8205, 0.0307, -1.0223, -0.0137
15.8255, 0.0317, -1.0218, -0.0148
15.8305, 0.0322, -1.0213, -0.0153
15.8355, 0.0324, -1.0209, -0.0145
15.8405, 0.0322, -1.0206, -0.0136
15.8456, 0.0319, -1.0206, -0.0130
15.8506, 0.0319, -1.0203, -0.0120
15.8556, 0.0319, -1.0203, -0.0111
15.8606, 0.0318, -1.0207, -0.0104
15.8656, 0.0320, -1.0210, -0.0102
15.8707, 0.0321, -1.0211, -0.0107
15.8757, 0.0321, -1.0213, -0.0120
15.8807, 0.0325, -1.0214, -0.0138
15.8857, 0.0327, -1.0209, -0.0153
15.8907, 0.0328, -1.0206, -0.0157
15.8958, 0.0329, -1.0210, -0.0159
15.9008, 0.0332, -1.0215, -0.0149
15.9058, 0.0335, -1.0219, -0.0130
15.9108, 0.0332, -1.0219, -0.0120
15.9158, 0.0331, -1.0214, -0.0120
15.9209, 0.0321, -1.0205, -0.0121
15.9259, 0.0310, -1.0202, -0.0119
15.9309, 0.0305, -1.0199, -0.0118
15.9359, 0.0304, -1.0205, -0.0120
15.9410, 0.0307, -1.0215, -0.0123
15.9460, 0.0313, -1.0221, -0.0123
15.9510, 0.0323, -1.0219, -0.0116
15.9560, 0.0328, -1.0217, -0.0113
15.9610, 0.0329, -1.0215, -0.0110
15.9661, 0.0326, -1.0212, -0.0116
15.9711, 0.0323, -1.0215, -0.0124
15.9761, 0.0321, -1.0220, -0.0125
15.9811, 0.0317, -1.0222, -0.0122
15.9861, 0.0316, -1.0220, -0.0125
15.9912, 0.0314, -1.0215, -0.0124
15.9962, 0.0315, -1.0211, -0.0117
16.0012, 0.0322, -1.0208, -0.0112
16.0062, 0.0327, -1.0203, -0.0107
16.0112, 0.0330, -1.0203, -0.0116
16.0163, 0.0330, -1.0204, -0.0123
16.0213, 0.0330, -1.0209, -0.0122
16.0263, 0.0333, -1.0215, -0.0122
16.0313, 0.0335, -1.0217, -0.0125
16.0363, 0.0337, -1.0213, -0.0129
16.0413, 0.0334, -1.0209, -0.0129
16.0463, 0.0324, -1.0202, -0.0136
16.0514, 0.0317, -1.0200, -0.0140
16.0564, 0.0315, -1.0202, -0.0135
16.0614, 0.0315, -1.0206, -0.0128
16.0664, 0.0313, -1.0209, -0.0118
16.0714, 0.0307, -1.0211, -0.0110
16.0764, 0.0308, -1.0211, -0.0106
16.0814, 0.0310, -1.0210, -0.0103
16.0865, 0.0314, -1.0214, -0.0101
16.0915, 0.0317, -1.0225, -0.0101
16.0965, 0.0323, -1.0230, -0.0103
16.1015, 0.0328, -1.0234, -0.0106
16.1065, 0.0329, -1.0232, -0.0107
16.1115, 0.0330, -1.0227, -0.0114
16.1166, 0.0328, -1.0218, -0.0126
16.1216, 0.0329, -1.0211, -0.0137
16.1266, 0.0329, -1.0208, -0.0140
16.1316, 0.0330, -1.0208, -0.0140
16.1366, 0.0329, -1.0206, -0.0144
16.1416, 0.0324, -1.0202, -0.0151
16.1466, 0.0318, -1.0199, -0.0155
16.1517, 0.0316, -1.0200, -0.0156
16.1567, 0.0317, -1.0202, -0.0155
16.1617, 0.0318, -1.0206, -0.0149
16.1667, 0.0319, -1.0212, -0.0137
16.1717, 0.0324, -1.0211, -0.0129
16.1767, 0.0322, -1.0203, -0.0115
16.1817, 0.0317, -1.0200, -0.0107
16.1867, 0.0323, -1.0206, -0.0110
16.1918, 0.0330, -1.0215, -0.0109
16.1968, 0.0335, -1.0224, -0.0104
16.2018, 0.0335, -1.0228, -0.0105
16.2068, 0.0330, -1.0228, -0.0111
16.2118, 0.0325, -1.0224, -0.0116
16.2168, 0.0329, -1.0221, -0.0117
16.2218, 0.0335, -1.0221, -0.0116
16.2269, 0.0338, -1.0222, -0.0112
16.2319, 0.0337, -1.0220, -0.0110
16.2369, 0.0330, -1.0214, -0.0118
16.2419, 0.0320, -1.0212, -0.0131
16.2469, 0.0314, -1.0213, -0.0142
16.2519, 0.0311, -1.0212, -0.0150
16.2569, 0.0312, -1.0211, -0.0154
16.2620, 0.0312, -1.0212, -0.0153
16.2670, 0.0314, -1.0214, -0.0148
16.2720, 0.0315, -1.0217, -0.0148
16.2770, 0.0316, -1.0217, -0.0146
16.2820, 0.0321, -1.0212, -0.0138
16.2870, 0.0331, -1.0208, -0.0133
16.2920, 0.0337, -1.0206, -0.0133
16.2970, 0.0337, -1.0204, -0.0123
16.3020, 0.0335, -1.0203, -0.0115
16.3071, 0.0336, -1.0199, -0.0114
16.3121, 0.0342, -1.0199, -0.0114
16.3171, 0.0350, -1.0202, -0.0114
16.3221, 0.0353, -1.0207, -0.0108
16.3271, 0.0350, -1.0213, -0.0103
16.3321, 0.0343, -1.0217, -0.0104
16.3372, 0.0336, -1.0219, -0.0106
16.3422, 0.0328, -1.0214, -0.0117
16.3472, 0.0323, -1.0208, -0.0130
16.3522, 0.0316, -1.0204, -0.0128
16.3572, 0.0313, -1.0203, -0.0127
16.3622, 0.0313, -1.0203, -0.0124
16.3673, 0.0314, -1.0205, -0.0125
16.3723, 0.0315, -1.0209, -0.0122
16.3773, 0.0319, -1.0214, -0.0118
16.3823, 0.0318, -1.0219, -0.0115
16.3873, 0.0315, -1.0221, -0.0115
16.3923, 0.0319, -1.0219, -0.0117
16.3973, 0.0323, -1.0216, -0.0119
16.4024, 0.0315, -1.0210, -0.0126
16.4074, 0.0307, -1.0207, -0.0129
16.4124, 0.0299, -1.0196, -0.0138
16.4174, 0.0292, -1.0188, -0.0133
16.4224, 0.0309, -1.0196, -0.0126
16.4274, 0.0325, -1.0204, -0.0124
16.4325, 0.0349, -1.0213, -0.0114
16.4375, 0.0357, -1.0216, -0.0123
16.4425, 0.0352, -1.0216, -0.0131
16.4475, 0.0340, -1.0215, -0.0139
16.4525, 0.0331, -1.0209, -0.0140
16.4575, 0.0333, -1.0205, -0.0137
16.4625, 0.0335, -1.0208, -0.0137
16.4676, 0.0338, -1.0210, -0.0137
16.4726, 0.0332, -1.0210, -0.0132
16.4776, 0.0327, -1.0210, -0.0135
16.4826, 0.0330, -1.0212, -0.0144
16.4876, 0.0335, -1.0213, -0.0139
16.4926, 0.0345, -1.0215, -0.0128
16.4976, 0.0353, -1.0215, -0.0127
16.5027, 0.0353, -1.0212, -0.0135
16.5077, 0.0345, -1.0207, -0.0142
16.5127, 0.0340, -1.0204, -0.0142
16.5177, 0.0335, -1.0211, -0.0138
16.5227, 0.0334, -1.0216, -0.0130
16.5277, 0.0332, -1.0213, -0.0126
16.5328, 0.0329, -1.0209, -0.0121
16.5378, 0.0322, -1.0209, -0.0121
16.5428, 0.0316, -1.0211, -0.0122
16.5478, 0.0315, -1.0211, -0.0125
16.5528, 0.0316, -1.0205, -0.0126
16.5578, 0.0316, -1.0197, -0.0125
16.5628, 0.0321, -1.0193, -0.0133
16.5679, 0.0326, -1.0192, -0.0140
16.5729, 0.0325, -1.0192, -0.0142
16.5779, 0.0323, -1.0197, -0.0142
16.5829, 0.0316, -1.0199, -0.0135
16.5879, 0.0305, -1.0200, -0.0131
16.5929, 0.0304, -1.0198, -0.0124
16.5979, 0.0310, -1.0198, -0.0105
16.6030, 0.0317, -1.0198, -0.0090
16.6080, 0.0331, -1.0200, -0.0090
16.6130, 0.0343, -1.0206, -0.0099
16.6180, 0.0347, -1.0207, -0.0104
16.6230, 0.0344, -1.0210, -0.0120
16.6280, 0.0342, -1.0213, -0.0132
16.6330, 0.0338, -1.0215, -0.0134
16.6380, 0.0339, -1.0222, -0.0128
16.6431, 0.0345, -1.0225, -0.0130
16.6481, 0.0349, -1.0223, -0.0133
16.6531, 0.0344, -1.0213, -0.0136
16.6581, 0.0335, -1.0204, -0.0141
16.6631, 0.0327, -1.0202, -0.0138
16.6681, 0.0324, -1.0205, -0.0129
16.6732, 0.0324, -1.0208, -0.0120
16.6782, 0.0321, -1.0211, -0.0118
16.6832, 0.0316, -1.0214, -0.0123
16.6882, 0.0309, -1.0219, -0.0129
16.6932, 0.0301, -1.0221, -0.0129
16.6983, 0.0300, -1.0219, -0.0129
16.7033, 0.0307, -1.0214, -0.0127
16.7083, 0.0312, -1.0215, -0.0122
16.7133, 0.0318, -1.0218, -0.0114
16.7183, 0.0326, -1.0220, -0.0104
16.7233, 0.0326, -1.0221, -0.0096
16.7283, 0.0325, -1.0221, -0.0095
16.7333, 0.0322, -1.0219, -0.0102
16.7384, 0.0317, -1.0216, -0.0107
16.7434, 0.0314, -1.0219, -0.0113
16.7484, 0.0308, -1.0220, -0.0116
16.7534, 0.0307, -1.0216, -0.0116
16.7584, 0.0312, -1.0210, -0.0107
16.7634, 0.0311, -1.0209, -0.0104
16.7684, 0.0314, -1.0211, -0.0112
16.7735, 0.0318, -1.0212, -0.0117
16.7785, 0.0320, -1.0209, -0.0120
16.7835, 0.0324, -1.0210, -0.0122
16.7885, 0.0330, -1.0211, -0.0128
16.7935, 0.0332, -1.0212, -0.0131
16.7985, 0.0328, -1.0215, -0.0128
16.8035, 0.0326, -1.0218, -0.0122
16.8086, 0.0327, -1.0223, -0.0120
16.8136, 0.0332, -1.0223, -0.0117
16.8186, 0.0339, -1.0223, -0.0115
16.8236, 0.0338, -1.0225, -0.0112
16.8286, 0.0332, -1.0224, -0.0116
16.8336, 0.0326, -1.0219, -0.0123
16.8387, 0.0319, -1.0211, -0.0115
16.8437, 0.0317, -1.0206, -0.0109
16.8487, 0.0319, -1.0207, -0.0107
16.8537, 0.0323, -1.0210, -0.0105
16.8587, 0.0329, -1.0207, -0.0104
16.8637, 0.0338, -1.0204, -0.0097
16.8687, 0.0337, -1.0200, -0.0093
16.8737, 0.0334, -1.0196, -0.0096
16.8788, 0.0332, -1.0199, -0.0103
16.8838, 0.0331, -1.0198, -0.0103
16.8888, 0.0331, -1.0198, -0.0095
16.8938, 0.0333, -1.0199, -0.0089
16.8988, 0.0334, -1.0204, -0.0087
16.9039, 0.0334, -1.0209, -0.0095
16.9089, 0.0337, -1.0210, -0.0103
16.9139, 0.0334, -1.0210, -0.0111
16.9189, 0.0331, -1.0208, -0.0115
16.9239, 0.0327, -1.0204, -0.0119
16.9289, 0.0320, -1.0203, -0.0128
16.9339, 0.0326, -1.0208, -0.0131
16.9389, 0.0336, -1.0213, -0.0125
16.9440, 0.0340, -1.0217, -0.0120
16.9490, 0.0344, -1.0219, -0.0122
16.9540, 0.0343, -1.0219, -0.0130
16.9590, 0.0338, -1.0219, -0.0131
16.9640, 0.0332, -1.0221, -0.0130
16.9690, 0.0332, -1.0226, -0.0137
16.9740, 0.0333, -1.0224, -0.0135
16.9790, 0.0331, -1.0217, -0.0126
16.9841, 0.0323, -1.0209, -0.0127
16.9891, 0.0315, -1.0202, -0.0133
16.9941, 0.0313, -1.0196, -0.0145
16.9991, 0.0317, -1.0192, -0.0150
17.0041, 0.0322, -1.0201, -0.0153
17.0091, 0.0329, -1.0209, -0.0154
17.0141, 0.0332, -1.0213, -0.0142
17.0191, 0.0331, -1.0217, -0.0127
17.0242, 0.0326, -1.0219, -0.0120
17.0292, 0.0324, -1.0219, -0.0116
17.0342, 0.0323, -1.0218, -0.0114
17.0392, 0.0325, -1.0219, -0.0114
17.0442, 0.0327, -1.0216, -0.0106
17.0492, 0.0325, -1.0216, -0.0099
17.0543, 0.0325, -1.0212, -0.0096
17.0593, 0.0322, -1.0206, -0.0099
17.0643, 0.0327, -1.0202, -0.0109
17.0693, 0.0333, -1.0205, -0.0114
17.0743, 0.0336, -1.0209, -0.0114
17.0793, 0.0338, -1.0208, -0.0108
17.0843, 0.0334, -1.0203, -0.0111
17.0893, 0.0327, -1.0203, -0.0118
17.0943, 0.0322, -1.0205, -0.0129
17.0994, 0.0319, -1.0207, -0.0133
17.1044, 0.0315, -1.0209, -0.0131
17.1094, 0.0311, -1.0214, -0.0129
17.1144, 0.0311, -1.0221, -0.0128
17.1194, 0.0319, -1.0226, -0.0126
17.1244, 0.0323, -1.0226, -0.0127
17.1295, 0.0330, -1.0223, -0.0127
17.1345, 0.0331, -1.0219, -0.0132
17.1395, 0.0327, -1.0221, -0.0138
17.1445, 0.0320, -1.0223, -0.0139
17.1495, 0.0317, -1.0223, -0.0138
17.1545, 0.0322, -1.0221, -0.0128
17.1596, 0.0332, -1.0223, -0.0117
17.1646, 0.0333, -1.0221, -0.0114
17.1696, 0.0326, -1.0216, -0.0115
17.1746, 0.0319, -1.0215, -0.0118
17.1796, 0.0315, -1.0222, -0.0123
17.1846, 0.0318, -1.0231, -0.0127
17.1896, 0.0318, -1.0235, -0.0131
17.1947, 0.0313, -1.0230, -0.0133
17.1997, 0.0309, -1.0222, -0.0130
17.2047, 0.0305, -1.0213, -0.0129
17.2097, 0.0304, -1.0211, -0.0137
17.2147, 0.0307, -1.0212, -0.0145
17.2198, 0.0314, -1.0212, -0.0140
17.2248, 0.0323, -1.0208, -0.0134
17.2298, 0.0328, -1.0209, -0.0127
17.2348, 0.0327, -1.0213, -0.0125
17.2398, 0.0322, -1.0214, -0.0123
17.2448, 0.0322, -1.0212, -0.0120
17.2498, 0.0324, -1.0210, -0.0120
17.2549, 0.0326, -1.0207, -0.0122
17.2599, 0.0325, -1.0205, -0.0118
17.2649, 0.0319, -1.0201, -0.0125
17.2699, 0.0315, -1.0200, -0.0134
17.2749, 0.0315, -1.0201, -0.0137
17.2799, 0.0319, -1.0204, -0.0131
17.2850, 0.0319, -1.0211, -0.0130
17.2900, 0.0313, -1.0214, -0.0126
17.2950, 0.0314, -1.0219, -0.0123
17.3000, 0.0321, -1.0222, -0.0124
17.3050, 0.0327, -1.0219, -0.0128
17.3100, 0.0325, -1.0209, -0.0134
17.3150, 0.0323, -1.0204, -0.0132
17.3200, 0.0322, -1.0200, -0.0123
17.3251, 0.0320, -1.0202, -0.0118
17.3301, 0.0319, -1.0207, -0.0113
17.3351, 0.0321, -1.0212, -0.0111
17.3401, 0.0328, -1.0219, -0.0110
17.3451, 0.0327, -1.0220, -0.0113
17.3501, 0.0319, -1.0219, -0.0116
17.3552, 0.0309, -1.0216, -0.0122
17.3602, 0.0304, -1.0213, -0.0126
17.3652, 0.0307, -1.0212, -0.0124
17.3702, 0.0317, -1.0210, -0.0128
17.3752, 0.0328, -1.0209, -0.0137
17.3802, 0.0338, -1.0211, -0.0140
17.3853, 0.0346, -1.0215, -0.0144
17.3903, 0.0350, -1.0214, -0.0145
17.3953, 0.0352, -1.0212, -0.0142
17.4003, 0.0358, -1.0211, -0.0144
17.4053, 0.0362, -1.0214, -0.0141
17.4103, 0.0355, -1.0215, -0.0141
17.4153, 0.0344, -1.0214, -0.0138
17.4203, 0.0339, -1.0213, -0.0130
17.4253, 0.0333, -1.0213, -0.0121
17.4304, 0.0328, -1.0213, -0.0108
17.4354, 0.0323, -1.0209, -0.0106
17.4404, 0.0321, -1.0207, -0.0107
17.4454, 0.0327, -1.0206, -0.0107
17.4504, 0.0331, -1.0211, -0.0112
17.4554, 0.0338, -1.0218, -0.0117
17.4605, 0.0338, -1.0220, -0.0120
17.4655, 0.0331, -1.0221, -0.0119
17.4705, 0.0320, -1.0220, -0.0117
17.4755, 0.0313, -1.0217, -0.0114
17.4805, 0.0314, -1.0217, -0.0114
17.4855, 0.0320, -1.0217, -0.0115
17.4905, 0.0318, -1.0220, -0.0118
17.4956, 0.0313, -1.0220, -0.0120
17.5006, 0.0306, -1.0220, -0.0125
17.5056, 0.0302, -1.0223, -0.0129
17.5106, 0.0308, -1.0225, -0.0124
17.5156, 0.0319, -1.0225, -0.0116
17.5206, 0.0331, -1.0225, -0.0120
17.5256, 0.0337, -1.0219, -0.0126
17.5307, 0.0340, -1.0211, -0.0128
17.5357, 0.0342, -1.0207, -0.0126
17.5407, 0.0345, -1.0211, -0.0128
17.5457, 0.0350, -1.0214, -0.0126
17.5507, 0.0353, -1.0221, -0.0119
17.5558, 0.0352, -1.0224, -0.0116
17.5608, 0.0348, -1.0223, -0.0115
17.5658, 0.0340, -1.0224, -0.0115
17.5708, 0.0337, -1.0225, -0.0110
17.5758, 0.0336, -1.0225, -0.0104
17.5808, 0.0334, -1.0225, -0.0101
17.5859, 0.0322, -1.0221, -0.0104
17.5909, 0.0313, -1.0213, -0.0115
17.5959, 0.0316, -1.0211, -0.0119
17.6009, 0.0326, -1.0211, -0.0115
17.6059, 0.0331, -1.0213, -0.0115
17.6109, 0.0332, -1.0219, -0.0128
17.6159, 0.0328, -1.0220, -0.0138
17.6210, 0.0323, -1.0220, -0.0141
17.6260, 0.0319, -1.0215, -0.0142
17.6310, 0.0318, -1.0212, -0.0138
17.6360, 0.0312, -1.0210, -0.0129
17.6410, 0.0305, -1.0208, -0.0132
17.6460, 0.0305, -1.0206, -0.0140
17.6510, 0.0312, -1.0206, -0.0145
17.6560, 0.0318, -1.0207, -0.0147
17.6611, 0.0317, -1.0208, -0.0151
17.6661, 0.0321, -1.0210, -0.0147
17.6711, 0.0328, -1.0212, -0.0136
17.6761, 0.0332, -1.0213, -0.0127
17.6811, 0.0329, -1.0216, -0.0126
17.6861, 0.0322, -1.0217, -0.0120
17.6911, 0.0317, -1.0217, -0.0118
17.6962, 0.0314, -1.0213, -0.0114
17.7012, 0.0314, -1.0207, -0.0111
17.7062, 0.0315, -1.0201, -0.0111
17.7112, 0.0318, -1.0201, -0.0118
17.7162, 0.0325, -1.0201, -0.0124
17.7212, 0.0326, -1.0201, -0.0122
17.7263, 0.0329, -1.0202, -0.0124
17.7313, 0.0330, -1.0202, -0.0122
17.7363, 0.0332, -1.0201, -0.0113
17.7413, 0.0340, -1.0204, -0.0103
17.7463, 0.0350, -1.0210, -0.0092
17.7513, 0.0351, -1.0212, -0.0088
17.7563, 0.0345, -1.0217, -0.0085
17.7613, 0.0341, -1.0219, -0.0085
17.7664, 0.0337, -1.0219, -0.0087
17.7714, 0.0332, -1.0218, -0.0095
17.7764, 0.0328, -1.0217, -0.0102
17.7814, 0.0328, -1.0214, -0.0117
17.7864, 0.0325, -1.0210, -0.0128
17.7914, 0.0328, -1.0208, -0.0128
17.7965, 0.0328, -1.0207, -0.0130
17.8015, 0.0328, -1.0204, -0.0139
17.8065, 0.0330, -1.0205, -0.0141
17.8115, 0.0334, -1.0206, -0.0136
17.8165, 0.0336, -1.0207, -0.0128
17.8215, 0.0333, -1.0208, -0.0132
17.8265, 0.0323, -1.0210, -0.0132
17.8316, 0.0314, -1.0211, -0.0122
17.8366, 0.0317, -1.0218, -0.0121
17.8416, 0.0325, -1.0226, -0.0121
17.8466, 0.0329, -1.0228, -0.0118
17.8516, 0.0336, -1.0225, -0.0121
17.8566, 0.0337, -1.0220, -0.0120
17.8616, 0.0337, -1.0216, -0.0120
17.8667, 0.0337, -1.0211, -0.0125
17.8717, 0.0336, -1.0206, -0.0132
17.8767, 0.0337, -1.0203, -0.0137
17.8817, 0.0333, -1.0204, -0.0138
17.8867, 0.0329, -1.0204, -0.0138
17.8917, 0.0329, -1.0209, -0.0144
17.8967, 0.0327, -1.0215, -0.0144
17.9018, 0.0324, -1.0216, -0.0140
17.9068, 0.0326, -1.0210, -0.0136
17.9118, 0.0326, -1.0210, -0.0130
17.9168, 0.0328, -1.0209, -0.0120
17.9218, 0.0329, -1.0206, -0.0120
17.9268, 0.0329, -1.0200, -0.0124
17.9319, 0.0327, -1.0200, -0.0129
17.9369, 0.0316, -1.0196, -0.0127
17.9419, 0.0312, -1.0194, -0.0120
17.9469, 0.0314, -1.0192, -0.0119
17.9519, 0.0321, -1.0195, -0.0124
17.9569, 0.0328, -1.0197, -0.0134
17.9619, 0.0332, -1.0200, -0.0138
17.9670, 0.0332, -1.0205, -0.0133
17.9720, 0.0333, -1.0210, -0.0127
17.9770, 0.0332, -1.0209, -0.0121
17.9820, 0.0330, -1.0207, -0.0117
17.9870, 0.0325, -1.0202, -0.0123
17.9920, 0.0322, -1.0201, -0.0128
17.9971, 0.0314, -1.0201, -0.0126
18.0021, 0.0313, -1.0205, -0.0128
18.0071, 0.0317, -1.0210, -0.0131
18.0121, 0.0326, -1.0216, -0.0128
18.0171, 0.0335, -1.0221, -0.0126
18.0221, 0.0332, -1.0222, -0.0122
18.0272, 0.0320, -1.0217, -0.0130
18.0322, 0.0309, -1.0214, -0.0137
18.0372, 0.0305, -1.0213, -0.0134
18.0422, 0.0302, -1.0209, -0.0132
18.0472, 0.0302, -1.0207, -0.0131
18.0522, 0.0303, -1.0207, -0.0128
18.0573, 0.0309, -1.0208, -0.0123
18.0623, 0.0315, -1.0211, -0.0117
18.0673, 0.0328, -1.0216, -0.0111
18.0723, 0.0340, -1.0219, -0.0114
18.0773, 0.0345, -1.0219, -0.0125
18.0823, 0.0342, -1.0214, -0.0129
18.0873, 0.0334, -1.0207, -0.0138
18.0923, 0.0329, -1.0204, -0.0146
18.0974, 0.0333, -1.0198, -0.0150
18.1024, 0.0336, -1.0199, -0.0146
18.1074, 0.0336, -1.0204, -0.0140
18.1124, 0.0335, -1.0207, -0.0138
18.1174, 0.0333, -1.0207, -0.0136
18.1224, 0.0332, -1.0209, -0.0124
18.1275, 0.0330, -1.0218, -0.0106
18.1325, 0.0324, -1.0222, -0.0094
18.1375, 0.0323, -1.0225, -0.0087
18.1425, 0.0325, -1.0226, -0.0082
18.1475, 0.0326, -1.0227, -0.0082
18.1525, 0.0326, -1.0224, -0.0090
18.1575, 0.0328, -1.0218, -0.0106
18.1626, 0.0329, -1.0214, -0.0121
18.1676, 0.0327, -1.0210, -0.0127
18.1726, 0.0323, -1.0207, -0.0135
18.1776, 0.0316, -1.0203, -0.0145
18.1826, 0.0310, -1.0196, -0.0152
18.1876, 0.0308, -1.0194, -0.0148
18.1926, 0.0310, -1.0198, -0.0144
18.1976, 0.0316, -1.0209, -0.0139
18.2027, 0.0318, -1.0216, -0.0141
18.2077, 0.0314, -1.0216, -0.0147
18.2127, 0.0311, -1.0218, -0.0151
18.2177, 0.0313, -1.0217, -0.0142
18.2227, 0.0322, -1.0214, -0.0136
18.2277, 0.0334, -1.0213, -0.0134
18.2327, 0.0330, -1.0209, -0.0139
18.2378, 0.0312, -1.0202, -0.0147
18.2428, 0.0296, -1.0196, -0.0150
18.2478, 0.0294, -1.0196, -0.0141
18.2528, 0.0310, -1.0200, -0.0124
18.2578, 0.0331, -1.0209, -0.0103
18.2628, 0.0343, -1.0215, -0.0098
18.2678, 0.0339, -1.0212, -0.0104
18.2728, 0.0329, -1.0211, -0.0118
18.2779, 0.0325, -1.0212, -0.0128
18.2829, 0.0330, -1.0212, -0.0134
18.2879, 0.0336, -1.0211, -0.0130
18.2929, 0.0337, -1.0210, -0.0131
18.2979, 0.0333, -1.0207, -0.0130
18.3029, 0.0324, -1.0207, -0.0124
18.3079, 0.0315, -1.0208, -0.0115
18.3129, 0.0310, -1.0215, -0.0110
18.3180, 0.0306, -1.0221, -0.0104
18.3230, 0.0307, -1.0224, -0.0101
18.3280, 0.0310, -1.0221, -0.0108
18.3330, 0.0311, -1.0217, -0.0117
18.3380, 0.0310, -1.0214, -0.0122
18.3430, 0.0310, -1.0215, -0.0126
18.3480, 0.0312, -1.0219, -0.0123
18.3531, 0.0314, -1.0219, -0.0118
18.3581, 0.0313, -1.0213, -0.0116
18.3631, 0.0306, -1.0208, -0.0123
18.3681, 0.0305, -1.0206, -0.0131
18.3731, 0.0312, -1.0205, -0.0131
18.3781, 0.0315, -1.0210, -0.0128
18.3831, 0.0316, -1.0214, -0.0125
18.3882, 0.0311, -1.0213, -0.0129
18.3932, 0.0310, -1.0214, -0.0125
18.3982, 0.0309, -1.0214, -0.0122
18.4032, 0.0312, -1.0215, -0.0117
18.4082, 0.0318, -1.0215, -0.0112
18.4132, 0.0321, -1.0210, -0.0111
18.4183, 0.0323, -1.0210, -0.0108
18.4233, 0.0324, -1.0209, -0.0100
18.4283, 0.0325, -1.0209, -0.0103
18.4333, 0.0328, -1.0210, -0.0106
18.4383, 0.0327, -1.0208, -0.0111
18.4433, 0.0323, -1.0206, -0.0114
18.4483, 0.0318, -1.0205, -0.0116
18.4534, 0.0314, -1.0203, -0.0117
18.4584, 0.0308, -1.0204, -0.0123
18.4634, 0.0304, -1.0207, -0.0127
18.4684, 0.0307, -1.0216, -0.0122
18.4734, 0.0310, -1.0222, -0.0115
18.4784, 0.0316, -1.0221, -0.0108
18.4834, 0.0319, -1.0221, -0.0105
18.4885, 0.0326, -1.0216, -0.0113
18.4935, 0.0330, -1.0212, -0.0116
18.4985, 0.0329, -1.0208, -0.0118
18.5035, 0.0329, -1.0207, -0.0116
18.5085, 0.0331, -1.0210, -0.0109
18.5135, 0.0331, -1.0217, -0.0105
18.5185, 0.0325, -1.0222, -0.0109
18.5235, 0.0318, -1.0221, -0.0115
18.5286, 0.0310, -1.0219, -0.0125
18.5336, 0.0306, -1.0218, -0.0131
18.5386, 0.0310, -1.0218, -0.0120
18.5436, 0.0315, -1.0215, -0.0102
18.5486, 0.0315, -1.0211, -0.0102
18.5536, 0.0309, -1.0207, -0.0111
18.5586, 0.0299, -1.0204, -0.0118
18.5636, 0.0298, -1.0207, -0.0127
18.5687, 0.0304, -1.0210, -0.0131
18.5737, 0.0311, -1.0210, -0.0132
18.5787, 0.0321, -1.0212, -0.0131
18.5837, 0.0326, -1.0216, -0.0132
18.5887, 0.0325, -1.0220, -0.0133
18.5937, 0.0327, -1.0224, -0.0130
18.5987, 0.0331, -1.0228, -0.0124
18.6038, 0.0329, -1.0232, -0.0122
18.6088, 0.0323, -1.0231, -0.0123
18.6138, 0.0316, -1.0225, -0.0125
18.6188, 0.0312, -1.0225, -0.0127
18.6238, 0.0314, -1.0226, -0.0130
18.6288, 0.0322, -1.0226, -0.0134
18.6339, 0.0329, -1.0225, -0.0138
18.6389, 0.0331, -1.0221, -0.0137
18.6439, 0.0328, -1.0218, -0.0137
18.6489, 0.0323, -1.0218, -0.0141
18.6539, 0.0315, -1.0218, -0.0141
18.6589, 0.0307, -1.0217, -0.0138
18.6639, 0.0306, -1.0219, -0.0132
18.6689, 0.0306, -1.0221, -0.0126
18.6740, 0.0307, -1.0220, -0.0123
18.6790, 0.0307, -1.0216, -0.0127
18.6840, 0.0311, -1.0215, -0.0127
18.6890, 0.0314, -1.0211, -0.0122
18.6940, 0.0318, -1.0209, -0.0112
18.6990, 0.0319, -1.0208, -0.0110
18.7040, 0.0315, -1.0206, -0.0117
18.7090, 0.0310, -1.0205, -0.0131
18.7141, 0.0304, -1.0205, -0.0144
18.7191, 0.0305, -1.0205, -0.0144
18.7241, 0.0320, -1.0209, -0.0143
18.7291, 0.0334, -1.0215, -0.0147
18.7341, 0.0337, -1.0217, -0.0153
18.7392, 0.0329, -1.0212, -0.0154
18.7442, 0.0321, -1.0205, -0.0154
18.7492, 0.0318, -1.0202, -0.0149
18.7542, 0.0323, -1.0201, -0.0145
18.7592, 0.0326, -1.0203, -0.0134
18.7643, 0.0325, -1.0203, -0.0124
18.7693, 0.0319, -1.0200, -0.0117
18.7743, 0.0312, -1.0198, -0.0115
18.7793, 0.0315, -1.0200, -0.0115
18.7843, 0.0321, -1.0204, -0.0109
18.7893, 0.0326, -1.0208, -0.0102
18.7943, 0.0327, -1.0208, -0.0103
18.7993, 0.0323, -1.0206, -0.0111
18.8044, 0.0312, -1.0205, -0.0125
18.8094, 0.0304, -1.0210, -0.0129
18.8144, 0.0301, -1.0214, -0.0133
18.8194, 0.0302, -1.0216, -0.0134
18.8244, 0.0311, -1.0216, -0.0135
18.8294, 0.0316, -1.0208, -0.0135
18.8345, 0.0320, -1.0200, -0.0134
18.8395, 0.0317, -1.0196, -0.0134
18.8445, 0.0312, -1.0197, -0.0132
18.8495, 0.0312, -1.0202, -0.0125
18.8545, 0.0310, -1.0205, -0.0121
18.8595, 0.0305, -1.0203, -0.0117
18.8645, 0.0302, -1.0201, -0.0113
18.8695, 0.0296, -1.0199, -0.0113
18.8746, 0.0292, -1.0199, -0.0121
18.8796, 0.0291, -1.0201, -0.0124
18.8846, 0.0293, -1.0201, -0.0128
18.8896, 0.0294, -1.0205, -0.0132
18.8946, 0.0294, -1.0209, -0.0135
18.8996, 0.0294, -1.0211, -0.0139
18.9046, 0.0302, -1.0210, -0.0140
18.9096, 0.0311, -1.0212, -0.0141
18.9147, 0.0316, -1.0216, -0.0145
18.9197, 0.0319, -1.0218, -0.0153
18.9247, 0.0318, -1.0217, -0.0150
18.9297, 0.0312, -1.0218, -0.0138
18.9347, 0.0311, -1.0219, -0.0127
18.9397, 0.0314, -1.0220, -0.0110
18.9447, 0.0317, -1.0218, -0.0093
18.9498, 0.0321, -1.0211, -0.0089
18.9548, 0.0321, -1.0206, -0.0098
18.9598, 0.0317, -1.0201, -0.0111
18.9648, 0.0316, -1.0197, -0.0117
18.9698, 0.0318, -1.0196, -0.0128
18.9748, 0.0313, -1.0202, -0.0134
18.9798, 0.0303, -1.0209, -0.0135
18.9849, 0.0300, -1.0208, -0.0131
18.9899, 0.0300, -1.0203, -0.0128
18.9949, 0.0300, -1.0201, -0.0120
18.9999, 0.0297, -1.0201, -0.0115
19.0049, 0.0292, -1.0206, -0.0112
19.0099, 0.0293, -1.0208, -0.0108
19.0149, 0.0297, -1.0210, -0.0112
19.0200, 0.0300, -1.0210, -0.0113
19.0250, 0.0301, -1.0210, -0.0114
19.0300, 0.0306, -1.0209, -0.0112
19.0350, 0.0308, -1.0206, -0.0112
19.0400, 0.0310, -1.0202, -0.0120
19.0450, 0.0311, -1.0199, -0.0125
19.0501, 0.0315, -1.0197, -0.0127
19.0551, 0.0322, -1.0196, -0.0129
19.0601, 0.0324, -1.0200, -0.0131
19.0651, 0.0317, -1.0203, -0.0131
19.0701, 0.0307, -1.0203, -0.0132
19.0751, 0.0304, -1.0206, -0.0131
19.0801, 0.0308, -1.0211, -0.0127
19.0852, 0.0316, -1.0215, -0.0128
19.0902, 0.0322, -1.0217, -0.0131
19.0952, 0.0322, -1.0220, -0.0135
19.1002, 0.0322, -1.0221, -0.0136
19.1052, 0.0321, -1.0217, -0.0134
19.1102, 0.0318, -1.0208, -0.0135
19.1153, 0.0322, -1.0200, -0.0135
19.1203, 0.0326, -1.0194, -0.0136
19.1253, 0.0329, -1.0191, -0.0133
19.1303, 0.0332, -1.0195, -0.0127
19.1353, 0.0335, -1.0203, -0.0127
19.1403, 0.0330, -1.0210, -0.0129
19.1453, 0.0319, -1.0211, -0.0131
19.1504, 0.0304, -1.0211, -0.0133
19.1554, 0.0299, -1.0219, -0.0129
19.1604, 0.0299, -1.0222, -0.0129
19.1654, 0.0302, -1.0221, -0.0133
